Vertex data: 

0.000000, 0.000000, -1.000000, 0.000000, 0.000000, -1.000000, 0.750000, 0.500000, 0.191342, -0.195090, 
-0.961940, 0.191400, -0.193900, -0.962200, 0.718750, 0.562500, 0.000000, -0.195090, -0.980785, 0.000000, 
-0.193900, -0.981000, 0.750000, 0.562500, 0.000000, 0.980785, -0.195090, 0.000000, 0.979600, -0.201000, 
0.750000, 0.062500, 0.074658, 0.923880, -0.375330, 0.075700, 0.921700, -0.380400, 0.718750, 0.125000, 
0.000000, 0.923880, -0.382683, 0.000000, 0.921700, -0.387900, 0.750000, 0.125000, 0.180240, -0.382683, 
-0.906127, 0.180400, -0.380500, -0.907000, 0.718750, 0.625000, 0.000000, -0.382683, -0.923879, 0.000000, 
-0.380500, -0.924700, 0.750000, 0.625000, 0.000000, 0.831470, -0.555570, 0.000000, 0.828600, -0.559800, 
0.750000, 0.187500, 0.108386, 0.831470, -0.544895, 0.109200, 0.828600, -0.549000, 0.718750, 0.187500, 
0.162212, -0.555570, -0.815493, 0.162600, -0.552800, -0.817300, 0.718750, 0.687500, 0.000000, -0.555570, 
-0.831469, 0.000000, -0.552800, -0.833300, 0.750000, 0.687500, 0.137950, 0.707107, -0.693520, 0.138500, 
0.704000, -0.696500, 0.718750, 0.250000, 0.000000, 0.707107, -0.707107, 0.000000, 0.704000, -0.710100, 
0.750000, 0.250000, 0.137950, -0.707107, -0.693520, 0.138500, -0.704000, -0.696500, 0.718750, 0.750000, 
0.000000, -0.707107, -0.707106, 0.000000, -0.704000, -0.710100, 0.750000, 0.750000, 0.162212, 0.555570, 
-0.815493, 0.162600, 0.552800, -0.817300, 0.718750, 0.312500, 0.000000, 0.555570, -0.831470, 0.000000, 
0.552800, -0.833300, 0.750000, 0.312500, 0.108386, -0.831470, -0.544895, 0.109200, -0.828600, -0.549000, 
0.718750, 0.812500, 0.000000, -0.831470, -0.555570, 0.000000, -0.828600, -0.559800, 0.750000, 0.812500, 
0.180240, 0.382683, -0.906127, 0.180400, 0.380500, -0.907000, 0.718750, 0.375000, 0.000000, 0.382683, 
-0.923880, 0.000000, 0.380500, -0.924700, 0.750000, 0.375000, 0.074658, -0.923880, -0.375330, 0.075700, 
-0.921700, -0.380400, 0.718750, 0.875000, 0.000000, -0.923880, -0.382683, 0.000000, -0.921700, -0.387900, 
0.750000, 0.875000, 0.191342, 0.195090, -0.961940, 0.191400, 0.193900, -0.962200, 0.718750, 0.437500, 
0.000000, 0.195090, -0.980785, 0.000000, 0.193900, -0.981000, 0.750000, 0.437500, 0.038060, -0.980785, 
-0.191341, 0.039200, -0.979600, -0.197100, 0.718750, 0.937500, 0.000000, -0.980785, -0.195090, 0.000000, 
-0.979600, -0.201000, 0.750000, 0.937500, 0.195090, 0.000000, -0.980785, 0.195100, 0.000000, -0.980800, 
0.718750, 0.500000, -0.000000, 1.000000, 0.000001, 0.000000, 1.000000, 0.000000, 0.734375, 0.000000, 
0.038060, 0.980785, -0.191342, 0.039200, 0.979600, -0.197100, 0.718750, 0.062500, 0.000000, -1.000000, 
0.000000, 0.000000, -1.000000, 0.000000, 0.734375, 1.000000, 0.074658, -0.980785, -0.180240, 0.076900, 
-0.979600, -0.185600, 0.687500, 0.937500, 0.382684, 0.000000, -0.923879, 0.382700, 0.000000, -0.923900, 
0.687500, 0.500000, -0.000000, 1.000000, 0.000001, 0.000000, 1.000000, 0.000000, 0.703125, 0.000000, 
0.074658, 0.980785, -0.180240, 0.076900, 0.979600, -0.185600, 0.687500, 0.062500, 0.000000, -1.000000, 
0.000000, 0.000000, -1.000000, 0.000000, 0.703125, 1.000000, 0.375330, -0.195090, -0.906127, 0.375400, 
-0.193900, -0.906300, 0.687500, 0.562500, 0.146447, 0.923880, -0.353553, 0.148400, 0.921700, -0.358300, 
0.687500, 0.125000, 0.353554, -0.382683, -0.853553, 0.353900, -0.380500, -0.854400, 0.687500, 0.625000, 
0.212608, 0.831470, -0.513280, 0.214200, 0.828600, -0.517100, 0.687500, 0.187500, 0.318190, -0.555570, 
-0.768178, 0.318900, -0.552800, -0.769900, 0.687500, 0.687500, 0.270598, 0.707107, -0.653281, 0.271700, 
0.704000, -0.656100, 0.687500, 0.250000, 0.270598, -0.707107, -0.653281, 0.271700, -0.704000, -0.656100, 
0.687500, 0.750000, 0.318190, 0.555570, -0.768178, 0.318900, 0.552800, -0.769900, 0.687500, 0.312500, 
0.212608, -0.831470, -0.513280, 0.214200, -0.828600, -0.517100, 0.687500, 0.812500, 0.353553, 0.382683, 
-0.853553, 0.353900, 0.380500, -0.854400, 0.687500, 0.375000, 0.146447, -0.923880, -0.353553, 0.148400, 
-0.921700, -0.358300, 0.687500, 0.875000, 0.375330, 0.195090, -0.906127, 0.375400, 0.193900, -0.906300, 
0.687500, 0.437500, 0.461940, -0.555570, -0.691342, 0.463000, -0.552800, -0.692900, 0.656250, 0.687500, 
0.392848, -0.707107, -0.587938, 0.394500, -0.704000, -0.590400, 0.656250, 0.750000, 0.461940, 0.555570, 
-0.691342, 0.463000, 0.552800, -0.692900, 0.656250, 0.312500, 0.308658, -0.831470, -0.461940, 0.311000, 
-0.828600, -0.465400, 0.656250, 0.812500, 0.513280, 0.382683, -0.768178, 0.513700, 0.380500, -0.768900, 
0.656250, 0.375000, 0.212608, -0.923880, -0.318189, 0.215500, -0.921700, -0.322500, 0.656250, 0.875000, 
0.544895, 0.195090, -0.815493, 0.545000, 0.193900, -0.815700, 0.656250, 0.437500, 0.108386, -0.980785, 
-0.162211, 0.111600, -0.979600, -0.167100, 0.656250, 0.937500, 0.555570, 0.000000, -0.831469, 0.555600, 
0.000000, -0.831400, 0.656250, 0.500000, -0.000000, 1.000000, 0.000001, 0.000000, 1.000000, 0.000000, 
0.671875, 0.000000, 0.108387, 0.980785, -0.162212, 0.111600, 0.979600, -0.167100, 0.656250, 0.062500, 
0.000000, -1.000000, 0.000000, 0.000000, -1.000000, 0.000000, 0.671875, 1.000000, 0.544895, -0.195090, 
-0.815493, 0.545000, -0.193900, -0.815700, 0.656250, 0.562500, 0.212608, 0.923880, -0.318190, 0.215500, 
0.921700, -0.322500, 0.656250, 0.125000, 0.513280, -0.382683, -0.768178, 0.513700, -0.380500, -0.768900, 
0.656250, 0.625000, 0.308658, 0.831470, -0.461940, 0.311000, 0.828600, -0.465400, 0.656250, 0.187500, 
0.392848, 0.707107, -0.587938, 0.394500, 0.704000, -0.590400, 0.656250, 0.250000, -0.000000, 1.000000, 
0.000001, 0.000000, 1.000000, 0.000000, 0.640625, 0.000000, 0.137950, 0.980785, -0.137950, 0.142100, 
0.979600, -0.142100, 0.625000, 0.062500, 0.000000, -1.000000, 0.000000, 0.000000, -1.000000, 0.000000, 
0.640625, 1.000000, 0.137950, -0.980785, -0.137949, 0.142100, -0.979600, -0.142100, 0.625000, 0.937500, 
0.693520, -0.195090, -0.693520, 0.693700, -0.193900, -0.693700, 0.625000, 0.562500, 0.270598, 0.923880, 
-0.270598, 0.274300, 0.921700, -0.274300, 0.625000, 0.125000, 0.653282, -0.382683, -0.653281, 0.653900, 
-0.380500, -0.653900, 0.625000, 0.625000, 0.392848, 0.831470, -0.392847, 0.395800, 0.828600, -0.395800, 
0.625000, 0.187500, 0.587938, -0.555570, -0.587938, 0.589300, -0.552800, -0.589300, 0.625000, 0.687500, 
0.500000, 0.707107, -0.500000, 0.502100, 0.704000, -0.502100, 0.625000, 0.250000, 0.500000, -0.707107, 
-0.500000, 0.502100, -0.704000, -0.502100, 0.625000, 0.750000, 0.587938, 0.555570, -0.587938, 0.589300, 
0.552800, -0.589300, 0.625000, 0.312500, 0.392848, -0.831470, -0.392847, 0.395800, -0.828600, -0.395800, 
0.625000, 0.812500, 0.653282, 0.382683, -0.653281, 0.653900, 0.380500, -0.653900, 0.625000, 0.375000, 
0.270598, -0.923880, -0.270598, 0.274300, -0.921700, -0.274300, 0.625000, 0.875000, 0.693520, 0.195090, 
-0.693520, 0.693700, 0.193900, -0.693700, 0.625000, 0.437500, 0.707107, 0.000000, -0.707107, 0.707100, 
0.000000, -0.707100, 0.625000, 0.500000, 0.587938, 0.707107, -0.392847, 0.590400, 0.704000, -0.394500, 
0.593750, 0.250000, 0.691342, 0.555570, -0.461940, 0.692900, 0.552800, -0.463000, 0.593750, 0.312500, 
0.587938, -0.707107, -0.392847, 0.590400, -0.704000, -0.394500, 0.593750, 0.750000, 0.461940, -0.831470, 
-0.308658, 0.465400, -0.828600, -0.311000, 0.593750, 0.812500, 0.768178, 0.382683, -0.513280, 0.768900, 
0.380500, -0.513700, 0.593750, 0.375000, 0.318190, -0.923880, -0.212607, 0.322500, -0.921700, -0.215500, 
0.593750, 0.875000, 0.815493, 0.195090, -0.544895, 0.815700, 0.193900, -0.545000, 0.593750, 0.437500, 
0.162212, -0.980785, -0.108386, 0.167100, -0.979600, -0.111600, 0.593750, 0.937500, 0.831470, 0.000000, 
-0.555570, 0.831400, 0.000000, -0.555600, 0.593750, 0.500000, -0.000000, 1.000000, 0.000001, 0.000000, 
1.000000, 0.000000, 0.609375, 0.000000, 0.162212, 0.980785, -0.108386, 0.167100, 0.979600, -0.111600, 
0.593750, 0.062500, 0.000000, -1.000000, 0.000000, 0.000000, -1.000000, 0.000000, 0.609375, 1.000000, 
0.815493, -0.195090, -0.544895, 0.815700, -0.193900, -0.545000, 0.593750, 0.562500, 0.318190, 0.923880, 
-0.212607, 0.322500, 0.921700, -0.215500, 0.593750, 0.125000, 0.768178, -0.382683, -0.513280, 0.768900, 
-0.380500, -0.513700, 0.593750, 0.625000, 0.461940, 0.831470, -0.308658, 0.465400, 0.828600, -0.311000, 
0.593750, 0.187500, 0.691342, -0.555570, -0.461940, 0.692900, -0.552800, -0.463000, 0.593750, 0.687500, 
0.906128, -0.195090, -0.375330, 0.906300, -0.193900, -0.375400, 0.562500, 0.562500, 0.353554, 0.923880, 
-0.146446, 0.358300, 0.921700, -0.148400, 0.562500, 0.125000, 0.853554, -0.382683, -0.353553, 0.854400, 
-0.380500, -0.353900, 0.562500, 0.625000, 0.513280, 0.831470, -0.212607, 0.517100, 0.828600, -0.214200, 
0.562500, 0.187500, 0.768178, -0.555570, -0.318189, 0.769900, -0.552800, -0.318900, 0.562500, 0.687500, 
0.653282, 0.707107, -0.270598, 0.656100, 0.704000, -0.271700, 0.562500, 0.250000, 0.653282, -0.707107, 
-0.270598, 0.656100, -0.704000, -0.271700, 0.562500, 0.750000, 0.768178, 0.555570, -0.318189, 0.769900, 
0.552800, -0.318900, 0.562500, 0.312500, 0.513280, -0.831470, -0.212607, 0.517100, -0.828600, -0.214200, 
0.562500, 0.812500, 0.853554, 0.382683, -0.353553, 0.854400, 0.380500, -0.353900, 0.562500, 0.375000, 
0.353554, -0.923880, -0.146446, 0.358300, -0.921700, -0.148400, 0.562500, 0.875000, 0.906128, 0.195090, 
-0.375330, 0.906300, 0.193900, -0.375400, 0.562500, 0.437500, 0.180240, -0.980785, -0.074658, 0.185600, 
-0.979600, -0.076900, 0.562500, 0.937500, 0.923880, 0.000000, -0.382683, 0.923900, 0.000000, -0.382700, 
0.562500, 0.500000, -0.000000, 1.000000, 0.000001, 0.000000, 1.000000, 0.000000, 0.578125, 0.000000, 
0.180240, 0.980785, -0.074658, 0.185600, 0.979600, -0.076900, 0.562500, 0.062500, 0.000000, -1.000000, 
0.000000, 0.000000, -1.000000, 0.000000, 0.578125, 1.000000, 0.544895, -0.831470, -0.108386, 0.549000, 
-0.828600, -0.109200, 0.531250, 0.812500, 0.906128, 0.382683, -0.180240, 0.907000, 0.380500, -0.180400, 
0.531250, 0.375000, 0.375330, -0.923880, -0.074658, 0.380400, -0.921700, -0.075700, 0.531250, 0.875000, 
0.961940, 0.195090, -0.191341, 0.962200, 0.193900, -0.191400, 0.531250, 0.437500, 0.191342, -0.980785, 
-0.038060, 0.197100, -0.979600, -0.039200, 0.531250, 0.937500, 0.980785, 0.000000, -0.195090, 0.980800, 
0.000000, -0.195100, 0.531250, 0.500000, -0.000000, 1.000000, 0.000001, 0.000000, 1.000000, 0.000000, 
0.546875, 0.000000, 0.191342, 0.980785, -0.038060, 0.197100, 0.979600, -0.039200, 0.531250, 0.062500, 
0.000000, -1.000000, 0.000000, 0.000000, -1.000000, 0.000000, 0.546875, 1.000000, 0.961940, -0.195090, 
-0.191341, 0.962200, -0.193900, -0.191400, 0.531250, 0.562500, 0.375331, 0.923880, -0.074658, 0.380400, 
0.921700, -0.075700, 0.531250, 0.125000, 0.906128, -0.382683, -0.180240, 0.907000, -0.380500, -0.180400, 
0.531250, 0.625000, 0.544895, 0.831470, -0.108386, 0.549000, 0.828600, -0.109200, 0.531250, 0.187500, 
0.815493, -0.555570, -0.162211, 0.817300, -0.552800, -0.162600, 0.531250, 0.687500, 0.693520, 0.707107, 
-0.137949, 0.696500, 0.704000, -0.138500, 0.531250, 0.250000, 0.693520, -0.707107, -0.137949, 0.696500, 
-0.704000, -0.138500, 0.531250, 0.750000, 0.815493, 0.555570, -0.162211, 0.817300, 0.552800, -0.162600, 
0.531250, 0.312500, 0.382684, 0.923880, 0.000000, 0.387900, 0.921700, 0.000000, 0.500000, 0.125000, 
0.923880, -0.382683, 0.000000, 0.924700, -0.380500, 0.000000, 0.500000, 0.625000, 0.555570, 0.831470, 
0.000000, 0.559800, 0.828600, 0.000000, 0.500000, 0.187500, 0.831470, -0.555570, 0.000000, 0.833300, 
-0.552800, 0.000000, 0.500000, 0.687500, 0.707107, 0.707107, 0.000000, 0.710100, 0.704000, 0.000000, 
0.500000, 0.250000, 0.707107, -0.707107, 0.000000, 0.710100, -0.704000, 0.000000, 0.500000, 0.750000, 
0.831470, 0.555570, 0.000000, 0.833300, 0.552800, 0.000000, 0.500000, 0.312500, 0.555570, -0.831470, 
0.000000, 0.559800, -0.828600, 0.000000, 0.500000, 0.812500, 0.923880, 0.382683, 0.000000, 0.924700, 
0.380500, 0.000000, 0.500000, 0.375000, 0.382684, -0.923880, 0.000000, 0.387900, -0.921700, 0.000000, 
0.500000, 0.875000, 0.980785, 0.195090, 0.000000, 0.981000, 0.193900, 0.000000, 0.500000, 0.437500, 
0.195090, -0.980785, 0.000000, 0.201000, -0.979600, 0.000000, 0.500000, 0.937500, 1.000000, 0.000000, 
0.000000, 1.000000, 0.000000, 0.000000, 0.500000, 0.500000, -0.000000, 1.000000, 0.000001, 0.000000, 
1.000000, 0.000000, 0.515625, 0.000000, 0.195091, 0.980785, 0.000000, 0.201000, 0.979600, 0.000000, 
0.500000, 0.062500, 0.000000, -1.000000, 0.000000, 0.000000, -1.000000, 0.000000, 0.515625, 1.000000, 
0.980785, -0.195090, 0.000000, 0.981000, -0.193900, 0.000000, 0.500000, 0.562500, 0.906128, 0.382683, 
0.180240, 0.907000, 0.380500, 0.180400, 0.468750, 0.375000, 0.375330, -0.923880, 0.074658, 0.380400, 
-0.921700, 0.075700, 0.468750, 0.875000, 0.961940, 0.195090, 0.191342, 0.962200, 0.193900, 0.191400, 
0.468750, 0.437500, 0.191342, -0.980785, 0.038061, 0.197100, -0.979600, 0.039200, 0.468750, 0.937500, 
0.980785, 0.000000, 0.195091, 0.980800, 0.000000, 0.195100, 0.468750, 0.500000, -0.000000, 1.000000, 
0.000001, 0.000000, 1.000000, 0.000000, 0.484374, 0.000000, 0.191342, 0.980785, 0.038061, 0.197100, 
0.979600, 0.039200, 0.468750, 0.062500, 0.000000, -1.000000, 0.000000, 0.000000, -1.000000, 0.000000, 
0.484375, 1.000000, 0.961940, -0.195090, 0.191342, 0.962200, -0.193900, 0.191400, 0.468750, 0.562500, 
0.375331, 0.923880, 0.074658, 0.380400, 0.921700, 0.075700, 0.468750, 0.125000, 0.906128, -0.382683, 
0.180240, 0.907000, -0.380500, 0.180400, 0.468750, 0.625000, 0.544895, 0.831470, 0.108387, 0.549000, 
0.828600, 0.109200, 0.468750, 0.187500, 0.815493, -0.555570, 0.162212, 0.817300, -0.552800, 0.162600, 
0.468750, 0.687500, 0.693520, 0.707107, 0.137950, 0.696500, 0.704000, 0.138500, 0.468750, 0.250000, 
0.693520, -0.707107, 0.137950, 0.696500, -0.704000, 0.138500, 0.468750, 0.750000, 0.815493, 0.555570, 
0.162212, 0.817300, 0.552800, 0.162600, 0.468750, 0.312500, 0.544895, -0.831470, 0.108387, 0.549000, 
-0.828600, 0.109200, 0.468750, 0.812500, 0.853554, -0.382683, 0.353554, 0.854400, -0.380500, 0.353900, 
0.437500, 0.625000, 0.353554, 0.923880, 0.146447, 0.358300, 0.921700, 0.148400, 0.437500, 0.125000, 
0.513280, 0.831470, 0.212608, 0.517100, 0.828600, 0.214200, 0.437500, 0.187500, 0.768178, -0.555570, 
0.318190, 0.769900, -0.552800, 0.318900, 0.437500, 0.687500, 0.653282, 0.707107, 0.270598, 0.656100, 
0.704000, 0.271700, 0.437500, 0.250000, 0.653282, -0.707107, 0.270598, 0.656100, -0.704000, 0.271700, 
0.437500, 0.750000, 0.768178, 0.555570, 0.318190, 0.769900, 0.552800, 0.318900, 0.437500, 0.312500, 
0.513280, -0.831470, 0.212608, 0.517100, -0.828600, 0.214200, 0.437500, 0.812500, 0.853554, 0.382683, 
0.353554, 0.854400, 0.380500, 0.353900, 0.437500, 0.375000, 0.353553, -0.923880, 0.146447, 0.358300, 
-0.921700, 0.148400, 0.437500, 0.875000, 0.906127, 0.195090, 0.375331, 0.906300, 0.193900, 0.375400, 
0.437500, 0.437500, 0.180240, -0.980785, 0.074658, 0.185600, -0.979600, 0.076900, 0.437500, 0.937500, 
0.923880, 0.000000, 0.382684, 0.923900, 0.000000, 0.382700, 0.437500, 0.500000, -0.000000, 1.000000, 
0.000001, 0.000000, 1.000000, 0.000000, 0.453124, 0.000000, 0.180240, 0.980785, 0.074658, 0.185600, 
0.979600, 0.076900, 0.437500, 0.062500, 0.000000, -1.000000, 0.000000, 0.000000, -1.000000, 0.000000, 
0.453125, 1.000000, 0.906127, -0.195090, 0.375331, 0.906300, -0.193900, 0.375400, 0.437500, 0.562500, 
0.318190, -0.923880, 0.212608, 0.322500, -0.921700, 0.215500, 0.406250, 0.875000, 0.768178, 0.382683, 
0.513280, 0.768900, 0.380500, 0.513700, 0.406250, 0.375000, 0.815493, 0.195090, 0.544895, 0.815700, 
0.193900, 0.545000, 0.406250, 0.437500, 0.162212, -0.980785, 0.108387, 0.167100, -0.979600, 0.111600, 
0.406250, 0.937500, 0.831470, 0.000000, 0.555571, 0.831400, 0.000000, 0.555600, 0.406250, 0.500000, 
-0.000000, 1.000000, 0.000001, 0.000000, 1.000000, 0.000000, 0.421874, 0.000000, 0.162212, 0.980785, 
0.108387, 0.167100, 0.979600, 0.111600, 0.406250, 0.062500, 0.000000, -1.000000, 0.000000, 0.000000, 
-1.000000, 0.000000, 0.421875, 1.000000, 0.815493, -0.195090, 0.544895, 0.815700, -0.193900, 0.545000, 
0.406250, 0.562500, 0.318190, 0.923880, 0.212608, 0.322500, 0.921700, 0.215500, 0.406250, 0.125000, 
0.768178, -0.382683, 0.513280, 0.768900, -0.380500, 0.513700, 0.406250, 0.625000, 0.461940, 0.831470, 
0.308659, 0.465400, 0.828600, 0.311000, 0.406250, 0.187500, 0.691342, -0.555570, 0.461940, 0.692900, 
-0.552800, 0.463000, 0.406250, 0.687500, 0.587938, 0.707107, 0.392848, 0.590400, 0.704000, 0.394500, 
0.406250, 0.250000, 0.587938, -0.707107, 0.392848, 0.590400, -0.704000, 0.394500, 0.406250, 0.750000, 
0.691342, 0.555570, 0.461940, 0.692900, 0.552800, 0.463000, 0.406250, 0.312500, 0.461940, -0.831470, 
0.308659, 0.465400, -0.828600, 0.311000, 0.406250, 0.812500, 0.587938, -0.555570, 0.587938, 0.589300, 
-0.552800, 0.589300, 0.375000, 0.687500, 0.500000, 0.707107, 0.500000, 0.502100, 0.704000, 0.502100, 
0.375000, 0.250000, 0.500000, -0.707107, 0.500000, 0.502100, -0.704000, 0.502100, 0.375000, 0.750000, 
0.587938, 0.555570, 0.587938, 0.589300, 0.552800, 0.589300, 0.375000, 0.312500, 0.392848, -0.831470, 
0.392848, 0.395800, -0.828600, 0.395800, 0.375000, 0.812500, 0.653282, 0.382683, 0.653282, 0.653900, 
0.380500, 0.653900, 0.375000, 0.375000, 0.270598, -0.923880, 0.270598, 0.274300, -0.921700, 0.274300, 
0.375000, 0.875000, 0.693520, 0.195090, 0.693520, 0.693700, 0.193900, 0.693700, 0.375000, 0.437500, 
0.137950, -0.980785, 0.137950, 0.142100, -0.979600, 0.142100, 0.375000, 0.937500, 0.707107, 0.000000, 
0.707107, 0.707100, 0.000000, 0.707100, 0.375000, 0.500000, -0.000000, 1.000000, 0.000001, 0.000000, 
1.000000, 0.000000, 0.390625, 0.000000, 0.137950, 0.980785, 0.137950, 0.142100, 0.979600, 0.142100, 
0.375000, 0.062500, 0.000000, -1.000000, 0.000000, 0.000000, -1.000000, 0.000000, 0.390625, 1.000000, 
0.693520, -0.195090, 0.693520, 0.693700, -0.193900, 0.693700, 0.375000, 0.562500, 0.270598, 0.923880, 
0.270599, 0.274300, 0.921700, 0.274300, 0.375000, 0.125000, 0.653282, -0.382683, 0.653282, 0.653900, 
-0.380500, 0.653900, 0.375000, 0.625000, 0.392848, 0.831470, 0.392848, 0.395800, 0.828600, 0.395800, 
0.375000, 0.187500, 0.212608, -0.923880, 0.318190, 0.215500, -0.921700, 0.322500, 0.343750, 0.875000, 
0.108386, -0.980785, 0.162212, 0.111600, -0.979600, 0.167100, 0.343750, 0.937500, 0.555570, 0.000000, 
0.831470, 0.555600, 0.000000, 0.831400, 0.343750, 0.500000, -0.000000, 1.000000, 0.000001, 0.000000, 
1.000000, 0.000000, 0.359375, 0.000000, 0.108386, 0.980785, 0.162212, 0.111600, 0.979600, 0.167100, 
0.343750, 0.062500, 0.000000, -1.000000, 0.000000, 0.000000, -1.000000, 0.000000, 0.359375, 1.000000, 
0.544895, -0.195090, 0.815493, 0.545000, -0.193900, 0.815700, 0.343750, 0.562500, 0.212608, 0.923880, 
0.318190, 0.215500, 0.921700, 0.322500, 0.343750, 0.125000, 0.513280, -0.382683, 0.768178, 0.513700, 
-0.380500, 0.768900, 0.343750, 0.625000, 0.308658, 0.831470, 0.461940, 0.311000, 0.828600, 0.465400, 
0.343750, 0.187500, 0.461940, -0.555570, 0.691342, 0.463000, -0.552800, 0.692900, 0.343750, 0.687500, 
0.392848, 0.707107, 0.587938, 0.394500, 0.704000, 0.590400, 0.343750, 0.250000, 0.392848, -0.707107, 
0.587938, 0.394500, -0.704000, 0.590400, 0.343750, 0.750000, 0.461940, 0.555570, 0.691342, 0.463000, 
0.552800, 0.692900, 0.343750, 0.312500, 0.308658, -0.831470, 0.461940, 0.311000, -0.828600, 0.465400, 
0.343750, 0.812500, 0.513280, 0.382683, 0.768178, 0.513700, 0.380500, 0.768900, 0.343750, 0.375000, 
0.544895, 0.195090, 0.815493, 0.545000, 0.193900, 0.815700, 0.343750, 0.437500, 0.270598, 0.707107, 
0.653282, 0.271700, 0.704000, 0.656100, 0.312500, 0.250000, 0.270598, -0.707107, 0.653282, 0.271700, 
-0.704000, 0.656100, 0.312500, 0.750000, 0.318190, 0.555570, 0.768178, 0.318900, 0.552800, 0.769900, 
0.312500, 0.312500, 0.212608, -0.831470, 0.513280, 0.214200, -0.828600, 0.517100, 0.312500, 0.812500, 
0.353553, 0.382683, 0.853554, 0.353900, 0.380500, 0.854400, 0.312500, 0.375000, 0.146447, -0.923880, 
0.353554, 0.148400, -0.921700, 0.358300, 0.312500, 0.875000, 0.375330, 0.195090, 0.906128, 0.375400, 
0.193900, 0.906300, 0.312500, 0.437500, 0.074658, -0.980785, 0.180240, 0.076900, -0.979600, 0.185600, 
0.312500, 0.937500, 0.382683, 0.000000, 0.923880, 0.382700, 0.000000, 0.923900, 0.312500, 0.500000, 
-0.000000, 1.000000, 0.000001, 0.000000, 1.000000, 0.000000, 0.328125, 0.000000, 0.074658, 0.980785, 
0.180240, 0.076900, 0.979600, 0.185600, 0.312500, 0.062500, 0.000000, -1.000000, 0.000000, 0.000000, 
-1.000000, 0.000000, 0.328125, 1.000000, 0.375330, -0.195090, 0.906128, 0.375400, -0.193900, 0.906300, 
0.312500, 0.562500, 0.146447, 0.923880, 0.353554, 0.148400, 0.921700, 0.358300, 0.312500, 0.125000, 
0.353553, -0.382683, 0.853554, 0.353900, -0.380500, 0.854400, 0.312500, 0.625000, 0.212608, 0.831470, 
0.513280, 0.214200, 0.828600, 0.517100, 0.312500, 0.187500, 0.318190, -0.555570, 0.768178, 0.318900, 
-0.552800, 0.769900, 0.312500, 0.687500, 0.195090, 0.000000, 0.980786, 0.195100, 0.000000, 0.980800, 
0.281250, 0.500000, -0.000000, 1.000000, 0.000001, 0.000000, 1.000000, 0.000000, 0.296875, 0.000000, 
0.038060, 0.980785, 0.191342, 0.039200, 0.979600, 0.197100, 0.281250, 0.062500, 0.000000, -1.000000, 
0.000000, 0.000000, -1.000000, 0.000000, 0.296875, 1.000000, 0.038060, -0.980785, 0.191342, 0.039200, 
-0.979600, 0.197100, 0.281250, 0.937500, 0.191342, -0.195090, 0.961940, 0.191400, -0.193900, 0.962200, 
0.281250, 0.562500, 0.074658, 0.923880, 0.375331, 0.075700, 0.921700, 0.380400, 0.281250, 0.125000, 
0.180240, -0.382683, 0.906128, 0.180400, -0.380500, 0.907000, 0.281250, 0.625000, 0.108386, 0.831470, 
0.544896, 0.109200, 0.828600, 0.549000, 0.281250, 0.187500, 0.162212, -0.555570, 0.815493, 0.162600, 
-0.552800, 0.817300, 0.281250, 0.687500, 0.137950, 0.707107, 0.693520, 0.138500, 0.704000, 0.696500, 
0.281250, 0.250000, 0.137950, -0.707107, 0.693520, 0.138500, -0.704000, 0.696500, 0.281250, 0.750000, 
0.162212, 0.555570, 0.815493, 0.162600, 0.552800, 0.817300, 0.281250, 0.312500, 0.108386, -0.831470, 
0.544895, 0.109200, -0.828600, 0.549000, 0.281250, 0.812500, 0.180240, 0.382683, 0.906128, 0.180400, 
0.380500, 0.907000, 0.281250, 0.375000, 0.074658, -0.923880, 0.375331, 0.075700, -0.921700, 0.380400, 
0.281250, 0.875000, 0.191342, 0.195090, 0.961940, 0.191400, 0.193900, 0.962200, 0.281250, 0.437500, 
-0.000000, -0.707107, 0.707107, 0.000000, -0.704000, 0.710100, 0.250000, 0.750000, -0.000000, 0.555570, 
0.831470, 0.000000, 0.552800, 0.833300, 0.250000, 0.312500, -0.000000, -0.831470, 0.555570, 0.000000, 
-0.828600, 0.559800, 0.250000, 0.812500, 0.000000, 0.382683, 0.923880, 0.000000, 0.380500, 0.924700, 
0.250000, 0.375000, 0.000000, -0.923880, 0.382684, 0.000000, -0.921700, 0.387900, 0.250000, 0.875000, 
-0.000000, 0.195090, 0.980785, 0.000000, 0.193900, 0.981000, 0.250000, 0.437500, 0.000000, -0.980785, 
0.195091, 0.000000, -0.979600, 0.201000, 0.250000, 0.937500, -0.000000, 0.000000, 1.000000, 0.000000, 
0.000000, 1.000000, 0.250000, 0.500000, -0.000000, 1.000000, 0.000001, 0.000000, 1.000000, 0.000000, 
0.265625, 0.000000, -0.000000, 0.980785, 0.195091, 0.000000, 0.979600, 0.201000, 0.250000, 0.062500, 
0.000000, -1.000000, 0.000000, 0.000000, -1.000000, 0.000000, 0.265625, 1.000000, -0.000000, -0.195090, 
0.980785, 0.000000, -0.193900, 0.981000, 0.250000, 0.562500, 0.000000, 0.923880, 0.382684, 0.000000, 
0.921700, 0.387900, 0.250000, 0.125000, 0.000000, -0.382683, 0.923880, 0.000000, -0.380500, 0.924700, 
0.250000, 0.625000, 0.000000, 0.831470, 0.555571, 0.000000, 0.828600, 0.559800, 0.250000, 0.187500, 
-0.000000, -0.555570, 0.831470, 0.000000, -0.552800, 0.833300, 0.250000, 0.687500, -0.000000, 0.707107, 
0.707107, 0.000000, 0.704000, 0.710100, 0.250000, 0.250000, -0.000000, 1.000000, 0.000001, 0.000000, 
1.000000, 0.000000, 0.234375, 0.000000, -0.038060, 0.980785, 0.191342, -0.039200, 0.979600, 0.197100, 
0.218750, 0.062500, 0.000000, -1.000000, 0.000000, 0.000000, -1.000000, 0.000000, 0.234375, 1.000000, 
-0.038060, -0.980785, 0.191342, -0.039200, -0.979600, 0.197100, 0.218750, 0.937500, -0.191342, -0.195090, 
0.961940, -0.191400, -0.193900, 0.962200, 0.218750, 0.562500, -0.074658, 0.923880, 0.375331, -0.075700, 
0.921700, 0.380400, 0.218750, 0.125000, -0.180240, -0.382683, 0.906128, -0.180400, -0.380500, 0.907000, 
0.218750, 0.625000, -0.108386, 0.831470, 0.544896, -0.109200, 0.828600, 0.549000, 0.218750, 0.187500, 
-0.162212, -0.555570, 0.815493, -0.162600, -0.552800, 0.817300, 0.218750, 0.687500, -0.137950, 0.707107, 
0.693520, -0.138500, 0.704000, 0.696500, 0.218750, 0.250000, -0.137950, -0.707107, 0.693520, -0.138500, 
-0.704000, 0.696500, 0.218750, 0.750000, -0.162212, 0.555570, 0.815493, -0.162600, 0.552800, 0.817300, 
0.218750, 0.312500, -0.108386, -0.831470, 0.544895, -0.109200, -0.828600, 0.549000, 0.218750, 0.812500, 
-0.180240, 0.382683, 0.906128, -0.180400, 0.380500, 0.907000, 0.218750, 0.375000, -0.074658, -0.923880, 
0.375331, -0.075700, -0.921700, 0.380400, 0.218750, 0.875000, -0.191342, 0.195090, 0.961940, -0.191400, 
0.193900, 0.962200, 0.218750, 0.437500, -0.195090, 0.000000, 0.980786, -0.195100, 0.000000, 0.980800, 
0.218750, 0.500000, -0.270598, 0.707107, 0.653282, -0.271700, 0.704000, 0.656100, 0.187500, 0.250000, 
-0.318190, 0.555570, 0.768178, -0.318900, 0.552800, 0.769900, 0.187500, 0.312500, -0.212608, -0.831470, 
0.513280, -0.214200, -0.828600, 0.517100, 0.187500, 0.812500, -0.353553, 0.382683, 0.853554, -0.353900, 
0.380500, 0.854400, 0.187500, 0.375000, -0.146447, -0.923880, 0.353554, -0.148400, -0.921700, 0.358300, 
0.187500, 0.875000, -0.375330, 0.195090, 0.906127, -0.375400, 0.193900, 0.906300, 0.187500, 0.437500, 
-0.074658, -0.980785, 0.180240, -0.076900, -0.979600, 0.185600, 0.187500, 0.937500, -0.382684, 0.000000, 
0.923880, -0.382700, 0.000000, 0.923900, 0.187500, 0.500000, -0.000000, 1.000000, 0.000001, 0.000000, 
1.000000, 0.000000, 0.203125, 0.000000, -0.074658, 0.980785, 0.180240, -0.076900, 0.979600, 0.185600, 
0.187500, 0.062500, 0.000000, -1.000000, 0.000000, 0.000000, -1.000000, 0.000000, 0.203125, 1.000000, 
-0.375330, -0.195090, 0.906127, -0.375400, -0.193900, 0.906300, 0.187500, 0.562500, -0.146447, 0.923880, 
0.353554, -0.148400, 0.921700, 0.358300, 0.187500, 0.125000, -0.353553, -0.382683, 0.853554, -0.353900, 
-0.380500, 0.854400, 0.187500, 0.625000, -0.212608, 0.831470, 0.513280, -0.214200, 0.828600, 0.517100, 
0.187500, 0.187500, -0.318190, -0.555570, 0.768178, -0.318900, -0.552800, 0.769900, 0.187500, 0.687500, 
-0.270598, -0.707107, 0.653282, -0.271700, -0.704000, 0.656100, 0.187500, 0.750000, -0.544895, -0.195090, 
0.815493, -0.545000, -0.193900, 0.815700, 0.156250, 0.562500, -0.212608, 0.923880, 0.318190, -0.215500, 
0.921700, 0.322500, 0.156250, 0.125000, -0.513280, -0.382683, 0.768178, -0.513700, -0.380500, 0.768900, 
0.156250, 0.625000, -0.308658, 0.831470, 0.461940, -0.311000, 0.828600, 0.465400, 0.156250, 0.187500, 
-0.461940, -0.555570, 0.691342, -0.463000, -0.552800, 0.692900, 0.156250, 0.687500, -0.392847, 0.707107, 
0.587938, -0.394500, 0.704000, 0.590400, 0.156250, 0.250000, -0.392847, -0.707107, 0.587938, -0.394500, 
-0.704000, 0.590400, 0.156250, 0.750000, -0.461940, 0.555570, 0.691342, -0.463000, 0.552800, 0.692900, 
0.156250, 0.312500, -0.308658, -0.831470, 0.461940, -0.311000, -0.828600, 0.465400, 0.156250, 0.812500, 
-0.513280, 0.382683, 0.768178, -0.513700, 0.380500, 0.768900, 0.156250, 0.375000, -0.212607, -0.923880, 
0.318190, -0.215500, -0.921700, 0.322500, 0.156250, 0.875000, -0.544895, 0.195090, 0.815493, -0.545000, 
0.193900, 0.815700, 0.156250, 0.437500, -0.108386, -0.980785, 0.162212, -0.111600, -0.979600, 0.167100, 
0.156250, 0.937500, -0.555570, 0.000000, 0.831470, -0.555600, 0.000000, 0.831400, 0.156250, 0.500000, 
-0.000000, 1.000000, 0.000001, 0.000000, 1.000000, 0.000000, 0.171875, 0.000000, -0.108386, 0.980785, 
0.162212, -0.111600, 0.979600, 0.167100, 0.156250, 0.062500, 0.000000, -1.000000, 0.000000, 0.000000, 
-1.000000, 0.000000, 0.171875, 1.000000, -0.392847, -0.831470, 0.392848, -0.395800, -0.828600, 0.395800, 
0.125000, 0.812500, -0.653281, 0.382683, 0.653282, -0.653900, 0.380500, 0.653900, 0.125000, 0.375000, 
-0.270598, -0.923880, 0.270598, -0.274300, -0.921700, 0.274300, 0.125000, 0.875000, -0.693520, 0.195090, 
0.693520, -0.693700, 0.193900, 0.693700, 0.125000, 0.437500, -0.137950, -0.980785, 0.137950, -0.142100, 
-0.979600, 0.142100, 0.125000, 0.937500, -0.707107, 0.000000, 0.707107, -0.707100, 0.000000, 0.707100, 
0.125000, 0.500000, -0.000000, 1.000000, 0.000001, 0.000000, 1.000000, 0.000000, 0.140625, 0.000000, 
-0.137950, 0.980785, 0.137950, -0.142100, 0.979600, 0.142100, 0.125000, 0.062500, 0.000000, -1.000000, 
0.000000, 0.000000, -1.000000, 0.000000, 0.140625, 1.000000, -0.693520, -0.195090, 0.693520, -0.693700, 
-0.193900, 0.693700, 0.125000, 0.562500, -0.270598, 0.923880, 0.270598, -0.274300, 0.921700, 0.274300, 
0.125000, 0.125000, -0.653281, -0.382683, 0.653282, -0.653900, -0.380500, 0.653900, 0.125000, 0.625000, 
-0.392848, 0.831470, 0.392848, -0.395800, 0.828600, 0.395800, 0.125000, 0.187500, -0.587938, -0.555570, 
0.587938, -0.589300, -0.552800, 0.589300, 0.125000, 0.687500, -0.500000, 0.707107, 0.500000, -0.502100, 
0.704000, 0.502100, 0.125000, 0.250000, -0.500000, -0.707107, 0.500000, -0.502100, -0.704000, 0.502100, 
0.125000, 0.750000, -0.587938, 0.555570, 0.587938, -0.589300, 0.552800, 0.589300, 0.125000, 0.312500, 
-0.768178, -0.382683, 0.513280, -0.768900, -0.380500, 0.513700, 0.093750, 0.625000, -0.461940, 0.831470, 
0.308659, -0.465400, 0.828600, 0.311000, 0.093750, 0.187500, -0.691342, -0.555570, 0.461940, -0.692900, 
-0.552800, 0.463000, 0.093750, 0.687500, -0.587938, 0.707107, 0.392848, -0.590400, 0.704000, 0.394500, 
0.093750, 0.250000, -0.587938, -0.707107, 0.392848, -0.590400, -0.704000, 0.394500, 0.093750, 0.750000, 
-0.691342, 0.555570, 0.461940, -0.692900, 0.552800, 0.463000, 0.093750, 0.312500, -0.461940, -0.831470, 
0.308658, -0.465400, -0.828600, 0.311000, 0.093750, 0.812500, -0.768178, 0.382683, 0.513280, -0.768900, 
0.380500, 0.513700, 0.093750, 0.375000, -0.318190, -0.923880, 0.212608, -0.322500, -0.921700, 0.215500, 
0.093750, 0.875000, -0.815493, 0.195090, 0.544895, -0.815700, 0.193900, 0.545000, 0.093750, 0.437500, 
-0.162212, -0.980785, 0.108387, -0.167100, -0.979600, 0.111600, 0.093750, 0.937500, -0.831470, 0.000000, 
0.555570, -0.831400, 0.000000, 0.555600, 0.093750, 0.500000, -0.000000, 1.000000, 0.000001, 0.000000, 
1.000000, 0.000000, 0.109375, 0.000000, -0.162212, 0.980785, 0.108387, -0.167100, 0.979600, 0.111600, 
0.093750, 0.062500, 0.000000, -1.000000, 0.000000, 0.000000, -1.000000, 0.000000, 0.109375, 1.000000, 
-0.815493, -0.195090, 0.544895, -0.815700, -0.193900, 0.545000, 0.093750, 0.562500, -0.318190, 0.923880, 
0.212608, -0.322500, 0.921700, 0.215500, 0.093750, 0.125000, -0.513280, -0.831470, 0.212608, -0.517100, 
-0.828600, 0.214200, 0.062500, 0.812500, -0.353553, -0.923880, 0.146447, -0.358300, -0.921700, 0.148400, 
0.062500, 0.875000, -0.853553, 0.382683, 0.353554, -0.854400, 0.380500, 0.353900, 0.062500, 0.375000, 
-0.906127, 0.195090, 0.375330, -0.906300, 0.193900, 0.375400, 0.062500, 0.437500, -0.180240, -0.980785, 
0.074658, -0.185600, -0.979600, 0.076900, 0.062500, 0.937500, -0.923880, 0.000000, 0.382684, -0.923900, 
0.000000, 0.382700, 0.062500, 0.500000, -0.000000, 1.000000, 0.000001, 0.000000, 1.000000, 0.000000, 
0.078125, 0.000000, -0.180240, 0.980785, 0.074658, -0.185600, 0.979600, 0.076900, 0.062500, 0.062500, 
0.000000, -1.000000, 0.000000, 0.000000, -1.000000, 0.000000, 0.078125, 1.000000, -0.906127, -0.195090, 
0.375330, -0.906300, -0.193900, 0.375400, 0.062500, 0.562500, -0.353553, 0.923880, 0.146447, -0.358300, 
0.921700, 0.148400, 0.062500, 0.125000, -0.853553, -0.382683, 0.353554, -0.854400, -0.380500, 0.353900, 
0.062500, 0.625000, -0.513280, 0.831470, 0.212608, -0.517100, 0.828600, 0.214200, 0.062500, 0.187500, 
-0.768177, -0.555570, 0.318190, -0.769900, -0.552800, 0.318900, 0.062500, 0.687500, -0.653281, 0.707107, 
0.270598, -0.656100, 0.704000, 0.271700, 0.062500, 0.250000, -0.653281, -0.707107, 0.270598, -0.656100, 
-0.704000, 0.271700, 0.062500, 0.750000, -0.768177, 0.555570, 0.318190, -0.769900, 0.552800, 0.318900, 
0.062500, 0.312500, -0.544895, 0.831470, 0.108387, -0.549000, 0.828600, 0.109200, 0.031250, 0.187500, 
-0.906127, -0.382683, 0.180240, -0.907000, -0.380500, 0.180400, 0.031250, 0.625000, -0.815493, -0.555570, 
0.162212, -0.817300, -0.552800, 0.162600, 0.031250, 0.687500, -0.693520, 0.707107, 0.137950, -0.696500, 
0.704000, 0.138500, 0.031250, 0.250000, -0.693520, -0.707107, 0.137950, -0.696500, -0.704000, 0.138500, 
0.031250, 0.750000, -0.815493, 0.555570, 0.162212, -0.817300, 0.552800, 0.162600, 0.031250, 0.312500, 
-0.544895, -0.831470, 0.108387, -0.549000, -0.828600, 0.109200, 0.031250, 0.812500, -0.906127, 0.382683, 
0.180240, -0.907000, 0.380500, 0.180400, 0.031250, 0.375000, -0.375330, -0.923880, 0.074658, -0.380400, 
-0.921700, 0.075700, 0.031250, 0.875000, -0.961939, 0.195090, 0.191342, -0.962200, 0.193900, 0.191400, 
0.031250, 0.437500, -0.191342, -0.980785, 0.038061, -0.197100, -0.979600, 0.039200, 0.031250, 0.937500, 
-0.980785, 0.000000, 0.195090, -0.980800, 0.000000, 0.195100, 0.031250, 0.500000, -0.000000, 1.000000, 
0.000001, 0.000000, 1.000000, 0.000000, 0.046875, 0.000000, -0.191342, 0.980785, 0.038061, -0.197100, 
0.979600, 0.039200, 0.031250, 0.062500, 0.000000, -1.000000, 0.000000, 0.000000, -1.000000, 0.000000, 
0.046875, 1.000000, -0.961939, -0.195090, 0.191342, -0.962200, -0.193900, 0.191400, 0.031250, 0.562500, 
-0.375330, 0.923880, 0.074658, -0.380400, 0.921700, 0.075700, 0.031250, 0.125000, -0.923879, 0.382683, 
0.000000, -0.924700, 0.380500, 0.000000, 0.000000, 0.375000, -0.980785, 0.195090, 0.000000, -0.981000, 
0.193900, 0.000000, 0.000000, 0.437500, -0.195090, -0.980785, 0.000000, -0.201000, -0.979600, 0.000000, 
0.000000, 0.937500, -1.000000, 0.000000, 0.000000, -1.000000, 0.000000, 0.000000, 0.000000, 0.500000, 
-0.000000, 1.000000, 0.000001, 0.000000, 1.000000, 0.000000, 0.015625, 0.000000, -0.195090, 0.980785, 
0.000000, -0.201000, 0.979600, 0.000000, 0.000000, 0.062500, 0.000000, -1.000000, 0.000000, 0.000000, 
-1.000000, 0.000000, 0.015625, 1.000000, -0.980785, -0.195090, 0.000000, -0.981000, -0.193900, 0.000000, 
0.000000, 0.562500, -0.382683, 0.923880, 0.000000, -0.387900, 0.921700, 0.000000, 0.000000, 0.125000, 
-0.923879, -0.382683, 0.000000, -0.924700, -0.380500, 0.000000, 0.000000, 0.625000, -0.555570, 0.831470, 
0.000000, -0.559800, 0.828600, 0.000000, 0.000000, 0.187500, -0.831469, -0.555570, 0.000000, -0.833300, 
-0.552800, 0.000000, 0.000000, 0.687500, -0.707107, 0.707107, 0.000000, -0.710100, 0.704000, 0.000000, 
0.000000, 0.250000, -0.707107, -0.707107, 0.000000, -0.710100, -0.704000, 0.000000, 0.000000, 0.750000, 
-0.831469, 0.555570, 0.000000, -0.833300, 0.552800, 0.000000, 0.000000, 0.312500, -0.555570, -0.831470, 
0.000000, -0.559800, -0.828600, 0.000000, 0.000000, 0.812500, -0.382683, -0.923880, 0.000000, -0.387900, 
-0.921700, 0.000000, 0.000000, 0.875000, -0.831469, -0.555570, 0.000000, -0.833300, -0.552800, 0.000000, 
1.000000, 0.687500, -0.906127, -0.382683, -0.180240, -0.907000, -0.380500, -0.180400, 0.968750, 0.625000, 
-0.815493, -0.555570, -0.162211, -0.817300, -0.552800, -0.162600, 0.968750, 0.687500, -0.707107, 0.707107, 
0.000000, -0.710100, 0.704000, 0.000000, 1.000000, 0.250000, -0.544895, 0.831470, -0.108386, -0.549000, 
0.828600, -0.109200, 0.968750, 0.187500, -0.693520, 0.707107, -0.137949, -0.696500, 0.704000, -0.138500, 
0.968750, 0.250000, -0.693520, -0.707107, -0.137949, -0.696500, -0.704000, -0.138500, 0.968750, 0.750000, 
-0.707107, -0.707107, 0.000000, -0.710100, -0.704000, 0.000000, 1.000000, 0.750000, -0.831469, 0.555570, 
0.000000, -0.833300, 0.552800, 0.000000, 1.000000, 0.312500, -0.815493, 0.555570, -0.162211, -0.817300, 
0.552800, -0.162600, 0.968750, 0.312500, -0.544895, -0.831470, -0.108386, -0.549000, -0.828600, -0.109200, 
0.968750, 0.812500, -0.555570, -0.831470, 0.000000, -0.559800, -0.828600, 0.000000, 1.000000, 0.812500, 
-0.906127, 0.382683, -0.180240, -0.907000, 0.380500, -0.180400, 0.968750, 0.375000, -0.923879, 0.382683, 
0.000000, -0.924700, 0.380500, 0.000000, 1.000000, 0.375000, -0.382683, -0.923880, 0.000000, -0.387900, 
-0.921700, 0.000000, 1.000000, 0.875000, -0.375330, -0.923880, -0.074658, -0.380400, -0.921700, -0.075700, 
0.968750, 0.875000, -0.980785, 0.195090, 0.000000, -0.981000, 0.193900, 0.000000, 1.000000, 0.437500, 
-0.961939, 0.195090, -0.191342, -0.962200, 0.193900, -0.191400, 0.968750, 0.437500, -0.191342, -0.980785, 
-0.038060, -0.197100, -0.979600, -0.039200, 0.968750, 0.937500, -0.195090, -0.980785, 0.000000, -0.201000, 
-0.979600, 0.000000, 1.000000, 0.937500, -0.980785, 0.000000, -0.195090, -0.980800, 0.000000, -0.195100, 
0.968750, 0.500000, -1.000000, 0.000000, 0.000000, -1.000000, 0.000000, 0.000000, 1.000000, 0.500000, 
-0.195090, 0.980785, 0.000000, -0.201000, 0.979600, 0.000000, 1.000000, 0.062500, -0.000000, 1.000000, 
0.000001, 0.000000, 1.000000, 0.000000, 0.984375, 0.000000, -0.191342, 0.980785, -0.038060, -0.197100, 
0.979600, -0.039200, 0.968750, 0.062500, 0.000000, -1.000000, 0.000000, 0.000000, -1.000000, 0.000000, 
0.984375, 1.000000, -0.980785, -0.195090, 0.000000, -0.981000, -0.193900, 0.000000, 1.000000, 0.562500, 
-0.961939, -0.195090, -0.191342, -0.962200, -0.193900, -0.191400, 0.968750, 0.562500, -0.382683, 0.923880, 
0.000000, -0.387900, 0.921700, 0.000000, 1.000000, 0.125000, -0.375330, 0.923880, -0.074658, -0.380400, 
0.921700, -0.075700, 0.968750, 0.125000, -0.923879, -0.382683, 0.000000, -0.924700, -0.380500, 0.000000, 
1.000000, 0.625000, -0.555570, 0.831470, 0.000000, -0.559800, 0.828600, 0.000000, 1.000000, 0.187500, 
-0.180240, -0.980785, -0.074657, -0.185600, -0.979600, -0.076900, 0.937500, 0.937500, -0.923879, 0.000000, 
-0.382683, -0.923900, 0.000000, -0.382700, 0.937500, 0.500000, -0.000000, 1.000000, 0.000001, 0.000000, 
1.000000, 0.000000, 0.953125, 0.000000, -0.180240, 0.980785, -0.074658, -0.185600, 0.979600, -0.076900, 
0.937500, 0.062500, 0.000000, -1.000000, 0.000000, 0.000000, -1.000000, 0.000000, 0.953125, 1.000000, 
-0.906127, -0.195090, -0.375330, -0.906300, -0.193900, -0.375400, 0.937500, 0.562500, -0.353553, 0.923880, 
-0.146446, -0.358300, 0.921700, -0.148400, 0.937500, 0.125000, -0.853553, -0.382683, -0.353553, -0.854400, 
-0.380500, -0.353900, 0.937500, 0.625000, -0.513280, 0.831470, -0.212607, -0.517100, 0.828600, -0.214200, 
0.937500, 0.187500, -0.768177, -0.555570, -0.318189, -0.769900, -0.552800, -0.318900, 0.937500, 0.687500, 
-0.653281, 0.707107, -0.270598, -0.656100, 0.704000, -0.271700, 0.937500, 0.250000, -0.653281, -0.707107, 
-0.270598, -0.656100, -0.704000, -0.271700, 0.937500, 0.750000, -0.768177, 0.555570, -0.318189, -0.769900, 
0.552800, -0.318900, 0.937500, 0.312500, -0.513280, -0.831470, -0.212607, -0.517100, -0.828600, -0.214200, 
0.937500, 0.812500, -0.853553, 0.382683, -0.353553, -0.854400, 0.380500, -0.353900, 0.937500, 0.375000, 
-0.353553, -0.923880, -0.146446, -0.358300, -0.921700, -0.148400, 0.937500, 0.875000, -0.906127, 0.195090, 
-0.375330, -0.906300, 0.193900, -0.375400, 0.937500, 0.437500, -0.461940, 0.831470, -0.308658, -0.465400, 
0.828600, -0.311000, 0.906250, 0.187500, -0.587938, 0.707107, -0.392847, -0.590400, 0.704000, -0.394500, 
0.906250, 0.250000, -0.587938, -0.707107, -0.392847, -0.590400, -0.704000, -0.394500, 0.906250, 0.750000, 
-0.691341, 0.555570, -0.461939, -0.692900, 0.552800, -0.463000, 0.906250, 0.312500, -0.461940, -0.831470, 
-0.308658, -0.465400, -0.828600, -0.311000, 0.906250, 0.812500, -0.768178, 0.382683, -0.513280, -0.768900, 
0.380500, -0.513700, 0.906250, 0.375000, -0.318189, -0.923880, -0.212607, -0.322500, -0.921700, -0.215500, 
0.906250, 0.875000, -0.815493, 0.195090, -0.544895, -0.815700, 0.193900, -0.545000, 0.906250, 0.437500, 
-0.162212, -0.980785, -0.108386, -0.167100, -0.979600, -0.111600, 0.906250, 0.937500, -0.831469, 0.000000, 
-0.555570, -0.831400, 0.000000, -0.555600, 0.906250, 0.500000, -0.000000, 1.000000, 0.000001, 0.000000, 
1.000000, 0.000000, 0.921875, 0.000000, -0.162212, 0.980785, -0.108386, -0.167100, 0.979600, -0.111600, 
0.906250, 0.062500, 0.000000, -1.000000, 0.000000, 0.000000, -1.000000, 0.000000, 0.921875, 1.000000, 
-0.815493, -0.195090, -0.544895, -0.815700, -0.193900, -0.545000, 0.906250, 0.562500, -0.318190, 0.923880, 
-0.212607, -0.322500, 0.921700, -0.215500, 0.906250, 0.125000, -0.768178, -0.382683, -0.513280, -0.768900, 
-0.380500, -0.513700, 0.906250, 0.625000, -0.691341, -0.555570, -0.461939, -0.692900, -0.552800, -0.463000, 
0.906250, 0.687500, -0.707106, 0.000000, -0.707106, -0.707100, 0.000000, -0.707100, 0.875000, 0.500000, 
-0.000000, 1.000000, 0.000001, 0.000000, 1.000000, 0.000000, 0.890625, 0.000000, -0.137950, 0.980785, 
-0.137949, -0.142100, 0.979600, -0.142100, 0.875000, 0.062500, 0.000000, -1.000000, 0.000000, 0.000000, 
-1.000000, 0.000000, 0.890625, 1.000000, -0.137950, -0.980785, -0.137949, -0.142100, -0.979600, -0.142100, 
0.875000, 0.937500, -0.693519, -0.195090, -0.693519, -0.693700, -0.193900, -0.693700, 0.875000, 0.562500, 
-0.270598, 0.923880, -0.270598, -0.274300, 0.921700, -0.274300, 0.875000, 0.125000, -0.653281, -0.382683, 
-0.653281, -0.653900, -0.380500, -0.653900, 0.875000, 0.625000, -0.392847, 0.831470, -0.392847, -0.395800, 
0.828600, -0.395800, 0.875000, 0.187500, -0.587937, -0.555570, -0.587937, -0.589300, -0.552800, -0.589300, 
0.875000, 0.687500, -0.500000, 0.707107, -0.500000, -0.502100, 0.704000, -0.502100, 0.875000, 0.250000, 
-0.500000, -0.707107, -0.500000, -0.502100, -0.704000, -0.502100, 0.875000, 0.750000, -0.587937, 0.555570, 
-0.587937, -0.589300, 0.552800, -0.589300, 0.875000, 0.312500, -0.392847, -0.831470, -0.392847, -0.395800, 
-0.828600, -0.395800, 0.875000, 0.812500, -0.653281, 0.382683, -0.653281, -0.653900, 0.380500, -0.653900, 
0.875000, 0.375000, -0.270598, -0.923880, -0.270598, -0.274300, -0.921700, -0.274300, 0.875000, 0.875000, 
-0.693519, 0.195090, -0.693519, -0.693700, 0.193900, -0.693700, 0.875000, 0.437500, -0.392847, -0.707107, 
-0.587937, -0.394500, -0.704000, -0.590400, 0.843750, 0.750000, -0.392847, 0.707107, -0.587937, -0.394500, 
0.704000, -0.590400, 0.843750, 0.250000, -0.461939, 0.555570, -0.691341, -0.463000, 0.552800, -0.692900, 
0.843750, 0.312500, -0.308658, -0.831470, -0.461939, -0.311000, -0.828600, -0.465400, 0.843750, 0.812500, 
-0.513280, 0.382683, -0.768177, -0.513700, 0.380500, -0.768900, 0.843750, 0.375000, -0.212607, -0.923880, 
-0.318189, -0.215500, -0.921700, -0.322500, 0.843750, 0.875000, -0.544895, 0.195090, -0.815492, -0.545000, 
0.193900, -0.815700, 0.843750, 0.437500, -0.108386, -0.980785, -0.162211, -0.111600, -0.979600, -0.167100, 
0.843750, 0.937500, -0.555570, 0.000000, -0.831469, -0.555600, 0.000000, -0.831400, 0.843750, 0.500000, 
-0.000000, 1.000000, 0.000001, 0.000000, 1.000000, 0.000000, 0.859375, 0.000000, -0.108386, 0.980785, 
-0.162211, -0.111600, 0.979600, -0.167100, 0.843750, 0.062500, 0.000000, -1.000000, 0.000000, 0.000000, 
-1.000000, 0.000000, 0.859375, 1.000000, -0.544895, -0.195090, -0.815492, -0.545000, -0.193900, -0.815700, 
0.843750, 0.562500, -0.212607, 0.923880, -0.318189, -0.215500, 0.921700, -0.322500, 0.843750, 0.125000, 
-0.513280, -0.382683, -0.768177, -0.513700, -0.380500, -0.768900, 0.843750, 0.625000, -0.308658, 0.831470, 
-0.461939, -0.311000, 0.828600, -0.465400, 0.843750, 0.187500, -0.461939, -0.555570, -0.691341, -0.463000, 
-0.552800, -0.692900, 0.843750, 0.687500, 0.000000, -1.000000, 0.000000, 0.000000, -1.000000, 0.000000, 
0.828125, 1.000000, -0.074658, -0.980785, -0.180240, -0.076900, -0.979600, -0.185600, 0.812500, 0.937500, 
-0.375330, -0.195090, -0.906127, -0.375400, -0.193900, -0.906300, 0.812500, 0.562500, -0.074658, 0.980785, 
-0.180240, -0.076900, 0.979600, -0.185600, 0.812500, 0.062500, -0.146447, 0.923880, -0.353553, -0.148400, 
0.921700, -0.358300, 0.812500, 0.125000, -0.353553, -0.382683, -0.853553, -0.353900, -0.380500, -0.854400, 
0.812500, 0.625000, -0.212607, 0.831470, -0.513280, -0.214200, 0.828600, -0.517100, 0.812500, 0.187500, 
-0.318189, -0.555570, -0.768177, -0.318900, -0.552800, -0.769900, 0.812500, 0.687500, -0.270598, 0.707107, 
-0.653281, -0.271700, 0.704000, -0.656100, 0.812500, 0.250000, -0.270598, -0.707107, -0.653281, -0.271700, 
-0.704000, -0.656100, 0.812500, 0.750000, -0.318189, 0.555570, -0.768177, -0.318900, 0.552800, -0.769900, 
0.812500, 0.312500, -0.212607, -0.831470, -0.513279, -0.214200, -0.828600, -0.517100, 0.812500, 0.812500, 
-0.353553, 0.382683, -0.853553, -0.353900, 0.380500, -0.854400, 0.812500, 0.375000, -0.146446, -0.923880, 
-0.353553, -0.148400, -0.921700, -0.358300, 0.812500, 0.875000, -0.375330, 0.195090, -0.906127, -0.375400, 
0.193900, -0.906300, 0.812500, 0.437500, -0.382683, 0.000000, -0.923879, -0.382700, 0.000000, -0.923900, 
0.812500, 0.500000, -0.000000, 1.000000, 0.000001, 0.000000, 1.000000, 0.000000, 0.828125, 0.000000, 
-0.108386, -0.831470, -0.544895, -0.109200, -0.828600, -0.549000, 0.781250, 0.812500, -0.180240, 0.382683, 
-0.906127, -0.180400, 0.380500, -0.907000, 0.781250, 0.375000, -0.074658, -0.923880, -0.375330, -0.075700, 
-0.921700, -0.380400, 0.781250, 0.875000, -0.191341, 0.195090, -0.961939, -0.191400, 0.193900, -0.962200, 
0.781250, 0.437500, -0.038060, -0.980785, -0.191341, -0.039200, -0.979600, -0.197100, 0.781250, 0.937500, 
-0.195090, 0.000000, -0.980785, -0.195100, 0.000000, -0.980800, 0.781250, 0.500000, -0.000000, 1.000000, 
0.000001, 0.000000, 1.000000, 0.000000, 0.796875, 0.000000, -0.038060, 0.980785, -0.191342, -0.039200, 
0.979600, -0.197100, 0.781250, 0.062500, 0.000000, -1.000000, 0.000000, 0.000000, -1.000000, 0.000000, 
0.796875, 1.000000, -0.191341, -0.195090, -0.961939, -0.191400, -0.193900, -0.962200, 0.781250, 0.562500, 
-0.074658, 0.923880, -0.375330, -0.075700, 0.921700, -0.380400, 0.781250, 0.125000, -0.180240, -0.382683, 
-0.906127, -0.180400, -0.380500, -0.907000, 0.781250, 0.625000, -0.108386, 0.831470, -0.544895, -0.109200, 
0.828600, -0.549000, 0.781250, 0.187500, -0.162211, -0.555570, -0.815492, -0.162600, -0.552800, -0.817300, 
0.781250, 0.687500, -0.137950, 0.707107, -0.693520, -0.138500, 0.704000, -0.696500, 0.781250, 0.250000, 
-0.137950, -0.707107, -0.693520, -0.138500, -0.704000, -0.696500, 0.781250, 0.750000, -0.162211, 0.555570, 
-0.815492, -0.162600, 0.552800, -0.817300, 0.781250, 0.312500, -0.000000, 1.000000, 0.000001, 0.000000, 
1.000000, 0.000000, 0.765625, 0.000000, 0.000000, -1.000000, 0.000000, 0.000000, -1.000000, 0.000000, 
0.765625, 1.000000, 
Index data: 

0.000000, 1.000000, 2.000000, 3.000000, 4.000000, 5.000000, 2.000000, 6.000000, 7.000000, 8.000000, 
4.000000, 9.000000, 7.000000, 10.000000, 11.000000, 8.000000, 12.000000, 13.000000, 11.000000, 14.000000, 
15.000000, 13.000000, 16.000000, 17.000000, 15.000000, 18.000000, 19.000000, 17.000000, 20.000000, 21.000000, 
19.000000, 22.000000, 23.000000, 21.000000, 24.000000, 25.000000, 23.000000, 26.000000, 27.000000, 25.000000, 
28.000000, 0.000000, 3.000000, 29.000000, 30.000000, 31.000000, 27.000000, 26.000000, 22.000000, 32.000000, 
26.000000, 24.000000, 33.000000, 28.000000, 30.000000, 34.000000, 35.000000, 36.000000, 26.000000, 32.000000, 
1.000000, 33.000000, 37.000000, 30.000000, 38.000000, 4.000000, 6.000000, 37.000000, 39.000000, 4.000000, 
40.000000, 9.000000, 6.000000, 41.000000, 10.000000, 9.000000, 42.000000, 12.000000, 14.000000, 41.000000, 
43.000000, 12.000000, 44.000000, 16.000000, 14.000000, 45.000000, 18.000000, 16.000000, 46.000000, 20.000000, 
18.000000, 47.000000, 22.000000, 20.000000, 48.000000, 24.000000, 43.000000, 49.000000, 50.000000, 42.000000, 
51.000000, 44.000000, 43.000000, 52.000000, 45.000000, 44.000000, 53.000000, 46.000000, 45.000000, 54.000000, 
47.000000, 48.000000, 53.000000, 55.000000, 47.000000, 56.000000, 32.000000, 48.000000, 57.000000, 33.000000, 
35.000000, 58.000000, 59.000000, 60.000000, 32.000000, 56.000000, 33.000000, 61.000000, 37.000000, 35.000000, 
62.000000, 38.000000, 37.000000, 63.000000, 39.000000, 38.000000, 64.000000, 40.000000, 41.000000, 63.000000, 
49.000000, 40.000000, 65.000000, 42.000000, 59.000000, 66.000000, 67.000000, 68.000000, 56.000000, 69.000000, 
57.000000, 70.000000, 61.000000, 59.000000, 71.000000, 62.000000, 61.000000, 72.000000, 63.000000, 62.000000, 
73.000000, 64.000000, 49.000000, 72.000000, 74.000000, 64.000000, 75.000000, 65.000000, 49.000000, 76.000000, 
50.000000, 65.000000, 77.000000, 51.000000, 50.000000, 78.000000, 52.000000, 51.000000, 79.000000, 53.000000, 
52.000000, 80.000000, 54.000000, 53.000000, 81.000000, 55.000000, 54.000000, 69.000000, 56.000000, 57.000000, 
81.000000, 82.000000, 77.000000, 83.000000, 84.000000, 78.000000, 85.000000, 86.000000, 77.000000, 87.000000, 
79.000000, 80.000000, 86.000000, 88.000000, 79.000000, 89.000000, 81.000000, 80.000000, 90.000000, 69.000000, 
82.000000, 89.000000, 91.000000, 67.000000, 92.000000, 93.000000, 94.000000, 69.000000, 90.000000, 82.000000, 
95.000000, 70.000000, 67.000000, 96.000000, 71.000000, 70.000000, 97.000000, 72.000000, 71.000000, 98.000000, 
73.000000, 74.000000, 97.000000, 99.000000, 73.000000, 83.000000, 75.000000, 74.000000, 85.000000, 76.000000, 
91.000000, 100.000000, 95.000000, 93.000000, 101.000000, 96.000000, 95.000000, 102.000000, 97.000000, 96.000000, 
103.000000, 98.000000, 99.000000, 102.000000, 104.000000, 98.000000, 105.000000, 83.000000, 85.000000, 104.000000, 
106.000000, 84.000000, 105.000000, 107.000000, 85.000000, 108.000000, 86.000000, 84.000000, 109.000000, 87.000000, 
88.000000, 108.000000, 110.000000, 89.000000, 109.000000, 111.000000, 88.000000, 112.000000, 90.000000, 89.000000, 
113.000000, 91.000000, 93.000000, 114.000000, 115.000000, 116.000000, 90.000000, 112.000000, 106.000000, 117.000000, 
108.000000, 107.000000, 118.000000, 109.000000, 108.000000, 119.000000, 110.000000, 111.000000, 118.000000, 120.000000, 
112.000000, 119.000000, 121.000000, 111.000000, 122.000000, 113.000000, 115.000000, 123.000000, 124.000000, 125.000000, 
112.000000, 121.000000, 113.000000, 126.000000, 100.000000, 115.000000, 127.000000, 101.000000, 100.000000, 128.000000, 
102.000000, 101.000000, 129.000000, 103.000000, 104.000000, 128.000000, 130.000000, 105.000000, 129.000000, 131.000000, 
106.000000, 130.000000, 132.000000, 105.000000, 133.000000, 107.000000, 124.000000, 134.000000, 127.000000, 126.000000, 
135.000000, 128.000000, 127.000000, 136.000000, 129.000000, 130.000000, 135.000000, 137.000000, 129.000000, 138.000000, 
131.000000, 130.000000, 139.000000, 132.000000, 131.000000, 140.000000, 133.000000, 117.000000, 139.000000, 141.000000, 
133.000000, 142.000000, 118.000000, 119.000000, 141.000000, 143.000000, 120.000000, 142.000000, 144.000000, 121.000000, 
143.000000, 145.000000, 120.000000, 146.000000, 122.000000, 124.000000, 147.000000, 148.000000, 149.000000, 121.000000, 
145.000000, 126.000000, 146.000000, 150.000000, 140.000000, 151.000000, 142.000000, 141.000000, 152.000000, 143.000000, 
144.000000, 151.000000, 153.000000, 145.000000, 152.000000, 154.000000, 144.000000, 155.000000, 146.000000, 148.000000, 
156.000000, 157.000000, 158.000000, 145.000000, 154.000000, 146.000000, 159.000000, 150.000000, 134.000000, 157.000000, 
160.000000, 150.000000, 161.000000, 135.000000, 134.000000, 162.000000, 136.000000, 137.000000, 161.000000, 163.000000, 
136.000000, 164.000000, 138.000000, 137.000000, 165.000000, 139.000000, 140.000000, 164.000000, 166.000000, 141.000000, 
165.000000, 167.000000, 159.000000, 168.000000, 161.000000, 162.000000, 169.000000, 170.000000, 163.000000, 168.000000, 
171.000000, 162.000000, 172.000000, 164.000000, 163.000000, 173.000000, 165.000000, 164.000000, 174.000000, 166.000000, 
165.000000, 175.000000, 167.000000, 166.000000, 176.000000, 151.000000, 152.000000, 175.000000, 177.000000, 153.000000, 
176.000000, 178.000000, 152.000000, 179.000000, 154.000000, 153.000000, 180.000000, 155.000000, 157.000000, 181.000000, 
182.000000, 183.000000, 154.000000, 179.000000, 155.000000, 184.000000, 159.000000, 157.000000, 169.000000, 160.000000, 
175.000000, 185.000000, 177.000000, 178.000000, 186.000000, 187.000000, 177.000000, 188.000000, 179.000000, 178.000000, 
189.000000, 180.000000, 182.000000, 190.000000, 191.000000, 192.000000, 179.000000, 188.000000, 184.000000, 189.000000, 
193.000000, 182.000000, 194.000000, 169.000000, 184.000000, 195.000000, 168.000000, 169.000000, 196.000000, 170.000000, 
171.000000, 195.000000, 197.000000, 170.000000, 198.000000, 172.000000, 171.000000, 199.000000, 173.000000, 174.000000, 
198.000000, 200.000000, 175.000000, 199.000000, 201.000000, 174.000000, 186.000000, 176.000000, 195.000000, 202.000000, 
197.000000, 196.000000, 203.000000, 198.000000, 197.000000, 204.000000, 199.000000, 198.000000, 205.000000, 200.000000, 
201.000000, 204.000000, 206.000000, 200.000000, 207.000000, 186.000000, 201.000000, 208.000000, 185.000000, 187.000000, 
207.000000, 209.000000, 188.000000, 208.000000, 210.000000, 187.000000, 211.000000, 189.000000, 191.000000, 212.000000, 
213.000000, 214.000000, 188.000000, 210.000000, 189.000000, 215.000000, 193.000000, 191.000000, 216.000000, 194.000000, 
193.000000, 217.000000, 195.000000, 194.000000, 218.000000, 196.000000, 210.000000, 219.000000, 220.000000, 209.000000, 
221.000000, 211.000000, 213.000000, 222.000000, 223.000000, 224.000000, 210.000000, 220.000000, 215.000000, 221.000000, 
225.000000, 213.000000, 226.000000, 216.000000, 215.000000, 227.000000, 217.000000, 216.000000, 228.000000, 218.000000, 
202.000000, 227.000000, 229.000000, 203.000000, 228.000000, 230.000000, 202.000000, 231.000000, 204.000000, 205.000000, 
230.000000, 232.000000, 206.000000, 231.000000, 233.000000, 205.000000, 234.000000, 207.000000, 206.000000, 219.000000, 
208.000000, 209.000000, 234.000000, 235.000000, 228.000000, 236.000000, 230.000000, 229.000000, 237.000000, 231.000000, 
230.000000, 238.000000, 232.000000, 233.000000, 237.000000, 239.000000, 232.000000, 240.000000, 234.000000, 233.000000, 
241.000000, 219.000000, 235.000000, 240.000000, 242.000000, 219.000000, 243.000000, 220.000000, 235.000000, 244.000000, 
221.000000, 223.000000, 245.000000, 246.000000, 247.000000, 220.000000, 243.000000, 221.000000, 248.000000, 225.000000, 
223.000000, 249.000000, 226.000000, 225.000000, 250.000000, 227.000000, 228.000000, 249.000000, 251.000000, 229.000000, 
250.000000, 252.000000, 242.000000, 253.000000, 244.000000, 246.000000, 254.000000, 255.000000, 256.000000, 243.000000, 
257.000000, 244.000000, 258.000000, 248.000000, 246.000000, 259.000000, 249.000000, 248.000000, 260.000000, 250.000000, 
249.000000, 261.000000, 251.000000, 252.000000, 260.000000, 262.000000, 251.000000, 263.000000, 236.000000, 252.000000, 
264.000000, 237.000000, 236.000000, 265.000000, 238.000000, 237.000000, 266.000000, 239.000000, 238.000000, 267.000000, 
240.000000, 239.000000, 268.000000, 241.000000, 242.000000, 267.000000, 269.000000, 243.000000, 268.000000, 257.000000, 
262.000000, 270.000000, 264.000000, 263.000000, 271.000000, 265.000000, 266.000000, 270.000000, 272.000000, 265.000000, 
273.000000, 267.000000, 266.000000, 274.000000, 268.000000, 269.000000, 273.000000, 275.000000, 257.000000, 274.000000, 
276.000000, 269.000000, 277.000000, 253.000000, 255.000000, 278.000000, 279.000000, 280.000000, 257.000000, 276.000000, 
253.000000, 281.000000, 258.000000, 255.000000, 282.000000, 259.000000, 258.000000, 283.000000, 260.000000, 261.000000, 
282.000000, 284.000000, 262.000000, 283.000000, 285.000000, 263.000000, 284.000000, 286.000000, 279.000000, 287.000000, 
288.000000, 289.000000, 276.000000, 290.000000, 277.000000, 291.000000, 281.000000, 279.000000, 292.000000, 282.000000, 
281.000000, 293.000000, 283.000000, 282.000000, 294.000000, 284.000000, 285.000000, 293.000000, 295.000000, 286.000000, 
294.000000, 296.000000, 285.000000, 297.000000, 270.000000, 271.000000, 296.000000, 298.000000, 270.000000, 299.000000, 
272.000000, 271.000000, 300.000000, 273.000000, 272.000000, 301.000000, 274.000000, 275.000000, 300.000000, 302.000000, 
274.000000, 290.000000, 276.000000, 275.000000, 303.000000, 277.000000, 298.000000, 304.000000, 305.000000, 297.000000, 
306.000000, 299.000000, 298.000000, 307.000000, 300.000000, 301.000000, 306.000000, 308.000000, 302.000000, 307.000000, 
309.000000, 290.000000, 308.000000, 310.000000, 302.000000, 311.000000, 303.000000, 288.000000, 312.000000, 313.000000, 
314.000000, 290.000000, 310.000000, 291.000000, 311.000000, 315.000000, 288.000000, 316.000000, 292.000000, 291.000000, 
317.000000, 293.000000, 292.000000, 318.000000, 294.000000, 295.000000, 317.000000, 319.000000, 296.000000, 318.000000, 
304.000000, 295.000000, 320.000000, 297.000000, 311.000000, 321.000000, 315.000000, 313.000000, 322.000000, 316.000000, 
315.000000, 323.000000, 317.000000, 316.000000, 324.000000, 318.000000, 319.000000, 323.000000, 325.000000, 318.000000, 
326.000000, 304.000000, 319.000000, 327.000000, 320.000000, 305.000000, 326.000000, 328.000000, 306.000000, 327.000000, 
329.000000, 305.000000, 330.000000, 307.000000, 306.000000, 331.000000, 308.000000, 309.000000, 330.000000, 332.000000, 
310.000000, 331.000000, 333.000000, 309.000000, 334.000000, 311.000000, 313.000000, 335.000000, 336.000000, 337.000000, 
310.000000, 333.000000, 327.000000, 338.000000, 329.000000, 328.000000, 339.000000, 330.000000, 329.000000, 340.000000, 
331.000000, 332.000000, 339.000000, 341.000000, 331.000000, 342.000000, 333.000000, 334.000000, 341.000000, 343.000000, 
336.000000, 344.000000, 345.000000, 346.000000, 333.000000, 342.000000, 334.000000, 347.000000, 321.000000, 336.000000, 
348.000000, 322.000000, 321.000000, 349.000000, 323.000000, 322.000000, 350.000000, 324.000000, 325.000000, 349.000000, 
351.000000, 326.000000, 350.000000, 352.000000, 325.000000, 353.000000, 327.000000, 328.000000, 352.000000, 354.000000, 
347.000000, 355.000000, 349.000000, 348.000000, 356.000000, 350.000000, 351.000000, 355.000000, 357.000000, 352.000000, 
356.000000, 358.000000, 351.000000, 359.000000, 353.000000, 354.000000, 358.000000, 360.000000, 353.000000, 361.000000, 
338.000000, 354.000000, 362.000000, 339.000000, 340.000000, 361.000000, 363.000000, 341.000000, 362.000000, 364.000000, 
340.000000, 365.000000, 342.000000, 341.000000, 366.000000, 343.000000, 345.000000, 367.000000, 368.000000, 369.000000, 
342.000000, 365.000000, 343.000000, 370.000000, 347.000000, 345.000000, 371.000000, 348.000000, 363.000000, 372.000000, 
373.000000, 364.000000, 374.000000, 375.000000, 365.000000, 373.000000, 376.000000, 364.000000, 377.000000, 366.000000, 
368.000000, 378.000000, 379.000000, 380.000000, 365.000000, 376.000000, 366.000000, 381.000000, 370.000000, 368.000000, 
382.000000, 371.000000, 370.000000, 383.000000, 355.000000, 371.000000, 384.000000, 356.000000, 357.000000, 383.000000, 
385.000000, 358.000000, 384.000000, 386.000000, 359.000000, 385.000000, 387.000000, 360.000000, 386.000000, 388.000000, 
359.000000, 372.000000, 361.000000, 360.000000, 374.000000, 362.000000, 382.000000, 389.000000, 384.000000, 385.000000, 
390.000000, 391.000000, 386.000000, 389.000000, 392.000000, 385.000000, 393.000000, 387.000000, 388.000000, 392.000000, 
394.000000, 387.000000, 395.000000, 372.000000, 388.000000, 396.000000, 374.000000, 373.000000, 395.000000, 397.000000, 
375.000000, 396.000000, 398.000000, 373.000000, 399.000000, 376.000000, 375.000000, 400.000000, 377.000000, 379.000000, 
401.000000, 402.000000, 403.000000, 376.000000, 399.000000, 377.000000, 404.000000, 381.000000, 382.000000, 402.000000, 
405.000000, 381.000000, 390.000000, 383.000000, 398.000000, 406.000000, 407.000000, 397.000000, 408.000000, 399.000000, 
398.000000, 409.000000, 400.000000, 402.000000, 410.000000, 411.000000, 412.000000, 399.000000, 408.000000, 404.000000, 
409.000000, 413.000000, 405.000000, 411.000000, 414.000000, 404.000000, 415.000000, 390.000000, 405.000000, 416.000000, 
389.000000, 391.000000, 415.000000, 417.000000, 392.000000, 416.000000, 418.000000, 391.000000, 419.000000, 393.000000, 
392.000000, 420.000000, 394.000000, 395.000000, 419.000000, 421.000000, 394.000000, 406.000000, 396.000000, 397.000000, 
421.000000, 422.000000, 423.000000, 424.000000, 425.000000, 426.000000, 427.000000, 428.000000, 423.000000, 429.000000, 
430.000000, 431.000000, 428.000000, 432.000000, 430.000000, 433.000000, 434.000000, 431.000000, 435.000000, 436.000000, 
437.000000, 433.000000, 438.000000, 439.000000, 435.000000, 440.000000, 437.000000, 441.000000, 442.000000, 439.000000, 
443.000000, 444.000000, 445.000000, 446.000000, 447.000000, 448.000000, 442.000000, 441.000000, 449.000000, 443.000000, 
450.000000, 451.000000, 447.000000, 452.000000, 449.000000, 424.000000, 453.000000, 451.000000, 427.000000, 454.000000, 
438.000000, 455.000000, 441.000000, 440.000000, 456.000000, 443.000000, 447.000000, 457.000000, 458.000000, 459.000000, 
441.000000, 455.000000, 443.000000, 460.000000, 450.000000, 447.000000, 461.000000, 452.000000, 450.000000, 462.000000, 
424.000000, 452.000000, 463.000000, 427.000000, 425.000000, 462.000000, 464.000000, 428.000000, 463.000000, 465.000000, 
425.000000, 466.000000, 429.000000, 428.000000, 467.000000, 432.000000, 429.000000, 468.000000, 433.000000, 432.000000, 
469.000000, 435.000000, 438.000000, 468.000000, 470.000000, 440.000000, 469.000000, 471.000000, 465.000000, 472.000000, 
473.000000, 464.000000, 474.000000, 466.000000, 467.000000, 473.000000, 475.000000, 466.000000, 476.000000, 468.000000, 
467.000000, 477.000000, 469.000000, 470.000000, 476.000000, 478.000000, 471.000000, 477.000000, 479.000000, 470.000000, 
480.000000, 455.000000, 471.000000, 481.000000, 456.000000, 458.000000, 482.000000, 483.000000, 484.000000, 455.000000, 
480.000000, 460.000000, 481.000000, 485.000000, 458.000000, 486.000000, 461.000000, 460.000000, 487.000000, 462.000000, 
463.000000, 486.000000, 472.000000, 464.000000, 487.000000, 488.000000, 479.000000, 489.000000, 481.000000, 483.000000, 
490.000000, 491.000000, 492.000000, 480.000000, 493.000000, 485.000000, 489.000000, 494.000000, 483.000000, 495.000000, 
486.000000, 485.000000, 496.000000, 487.000000, 486.000000, 497.000000, 472.000000, 488.000000, 496.000000, 498.000000, 
472.000000, 499.000000, 473.000000, 488.000000, 500.000000, 474.000000, 475.000000, 499.000000, 501.000000, 474.000000, 
502.000000, 476.000000, 475.000000, 503.000000, 477.000000, 476.000000, 504.000000, 478.000000, 479.000000, 503.000000, 
505.000000, 478.000000, 493.000000, 480.000000, 498.000000, 506.000000, 500.000000, 501.000000, 507.000000, 508.000000, 
502.000000, 506.000000, 509.000000, 501.000000, 510.000000, 503.000000, 502.000000, 511.000000, 504.000000, 505.000000, 
510.000000, 512.000000, 504.000000, 513.000000, 493.000000, 489.000000, 512.000000, 514.000000, 491.000000, 515.000000, 
516.000000, 517.000000, 493.000000, 513.000000, 489.000000, 518.000000, 494.000000, 491.000000, 519.000000, 495.000000, 
494.000000, 520.000000, 496.000000, 495.000000, 521.000000, 497.000000, 498.000000, 520.000000, 522.000000, 497.000000, 
507.000000, 499.000000, 523.000000, 513.000000, 524.000000, 514.000000, 525.000000, 518.000000, 519.000000, 526.000000, 
527.000000, 518.000000, 528.000000, 520.000000, 521.000000, 527.000000, 529.000000, 522.000000, 528.000000, 530.000000, 
507.000000, 529.000000, 531.000000, 522.000000, 532.000000, 506.000000, 508.000000, 531.000000, 533.000000, 506.000000, 
534.000000, 509.000000, 508.000000, 535.000000, 510.000000, 509.000000, 536.000000, 511.000000, 512.000000, 535.000000, 
537.000000, 511.000000, 524.000000, 513.000000, 512.000000, 538.000000, 514.000000, 516.000000, 539.000000, 526.000000, 
532.000000, 540.000000, 534.000000, 533.000000, 541.000000, 535.000000, 534.000000, 542.000000, 536.000000, 537.000000, 
541.000000, 543.000000, 524.000000, 542.000000, 544.000000, 537.000000, 545.000000, 538.000000, 526.000000, 546.000000, 
547.000000, 548.000000, 524.000000, 544.000000, 538.000000, 549.000000, 525.000000, 526.000000, 550.000000, 527.000000, 
525.000000, 551.000000, 528.000000, 527.000000, 552.000000, 529.000000, 530.000000, 551.000000, 553.000000, 529.000000, 
554.000000, 531.000000, 530.000000, 555.000000, 532.000000, 533.000000, 554.000000, 556.000000, 550.000000, 3.000000, 
5.000000, 549.000000, 7.000000, 551.000000, 552.000000, 5.000000, 8.000000, 553.000000, 7.000000, 11.000000, 
554.000000, 8.000000, 13.000000, 553.000000, 15.000000, 555.000000, 556.000000, 13.000000, 17.000000, 555.000000, 
19.000000, 540.000000, 541.000000, 17.000000, 21.000000, 540.000000, 23.000000, 542.000000, 543.000000, 21.000000, 
25.000000, 542.000000, 27.000000, 544.000000, 545.000000, 25.000000, 0.000000, 547.000000, 557.000000, 3.000000, 
558.000000, 544.000000, 27.000000, 545.000000, 2.000000, 549.000000, 0.000000, 28.000000, 1.000000, 3.000000, 
30.000000, 4.000000, 2.000000, 1.000000, 6.000000, 8.000000, 5.000000, 4.000000, 7.000000, 6.000000, 
10.000000, 8.000000, 9.000000, 12.000000, 11.000000, 10.000000, 14.000000, 13.000000, 12.000000, 16.000000, 
15.000000, 14.000000, 18.000000, 17.000000, 16.000000, 20.000000, 19.000000, 18.000000, 22.000000, 21.000000, 
20.000000, 24.000000, 23.000000, 22.000000, 26.000000, 25.000000, 24.000000, 28.000000, 22.000000, 47.000000, 
32.000000, 24.000000, 48.000000, 33.000000, 1.000000, 28.000000, 33.000000, 30.000000, 35.000000, 38.000000, 
6.000000, 1.000000, 37.000000, 4.000000, 38.000000, 40.000000, 6.000000, 39.000000, 41.000000, 9.000000, 
40.000000, 42.000000, 14.000000, 10.000000, 41.000000, 12.000000, 42.000000, 44.000000, 14.000000, 43.000000, 
45.000000, 16.000000, 44.000000, 46.000000, 18.000000, 45.000000, 47.000000, 20.000000, 46.000000, 48.000000, 
43.000000, 41.000000, 49.000000, 42.000000, 65.000000, 51.000000, 43.000000, 50.000000, 52.000000, 44.000000, 
51.000000, 53.000000, 45.000000, 52.000000, 54.000000, 48.000000, 46.000000, 53.000000, 47.000000, 54.000000, 
56.000000, 48.000000, 55.000000, 57.000000, 33.000000, 57.000000, 61.000000, 35.000000, 59.000000, 62.000000, 
37.000000, 61.000000, 63.000000, 38.000000, 62.000000, 64.000000, 41.000000, 39.000000, 63.000000, 40.000000, 
64.000000, 65.000000, 57.000000, 82.000000, 70.000000, 59.000000, 67.000000, 71.000000, 61.000000, 70.000000, 
72.000000, 62.000000, 71.000000, 73.000000, 49.000000, 63.000000, 72.000000, 64.000000, 73.000000, 75.000000, 
49.000000, 74.000000, 76.000000, 65.000000, 75.000000, 77.000000, 50.000000, 76.000000, 78.000000, 51.000000, 
77.000000, 79.000000, 52.000000, 78.000000, 80.000000, 53.000000, 79.000000, 81.000000, 54.000000, 80.000000, 
69.000000, 57.000000, 55.000000, 81.000000, 77.000000, 75.000000, 83.000000, 78.000000, 76.000000, 85.000000, 
77.000000, 84.000000, 87.000000, 80.000000, 78.000000, 86.000000, 79.000000, 87.000000, 89.000000, 80.000000, 
88.000000, 90.000000, 82.000000, 81.000000, 89.000000, 82.000000, 91.000000, 95.000000, 67.000000, 93.000000, 
96.000000, 70.000000, 95.000000, 97.000000, 71.000000, 96.000000, 98.000000, 74.000000, 72.000000, 97.000000, 
73.000000, 98.000000, 83.000000, 74.000000, 99.000000, 85.000000, 91.000000, 113.000000, 100.000000, 93.000000, 
115.000000, 101.000000, 95.000000, 100.000000, 102.000000, 96.000000, 101.000000, 103.000000, 99.000000, 97.000000, 
102.000000, 98.000000, 103.000000, 105.000000, 85.000000, 99.000000, 104.000000, 84.000000, 83.000000, 105.000000, 
85.000000, 106.000000, 108.000000, 84.000000, 107.000000, 109.000000, 88.000000, 86.000000, 108.000000, 89.000000, 
87.000000, 109.000000, 88.000000, 110.000000, 112.000000, 89.000000, 111.000000, 113.000000, 106.000000, 132.000000, 
117.000000, 107.000000, 133.000000, 118.000000, 108.000000, 117.000000, 119.000000, 111.000000, 109.000000, 118.000000, 
112.000000, 110.000000, 119.000000, 111.000000, 120.000000, 122.000000, 113.000000, 122.000000, 126.000000, 115.000000, 
124.000000, 127.000000, 100.000000, 126.000000, 128.000000, 101.000000, 127.000000, 129.000000, 104.000000, 102.000000, 
128.000000, 105.000000, 103.000000, 129.000000, 106.000000, 104.000000, 130.000000, 105.000000, 131.000000, 133.000000, 
124.000000, 148.000000, 134.000000, 126.000000, 150.000000, 135.000000, 127.000000, 134.000000, 136.000000, 130.000000, 
128.000000, 135.000000, 129.000000, 136.000000, 138.000000, 130.000000, 137.000000, 139.000000, 131.000000, 138.000000, 
140.000000, 117.000000, 132.000000, 139.000000, 133.000000, 140.000000, 142.000000, 119.000000, 117.000000, 141.000000, 
120.000000, 118.000000, 142.000000, 121.000000, 119.000000, 143.000000, 120.000000, 144.000000, 146.000000, 126.000000, 
122.000000, 146.000000, 140.000000, 166.000000, 151.000000, 141.000000, 167.000000, 152.000000, 144.000000, 142.000000, 
151.000000, 145.000000, 143.000000, 152.000000, 144.000000, 153.000000, 155.000000, 146.000000, 155.000000, 159.000000, 
134.000000, 148.000000, 157.000000, 150.000000, 159.000000, 161.000000, 134.000000, 160.000000, 162.000000, 137.000000, 
135.000000, 161.000000, 136.000000, 162.000000, 164.000000, 137.000000, 163.000000, 165.000000, 140.000000, 138.000000, 
164.000000, 141.000000, 139.000000, 165.000000, 159.000000, 184.000000, 168.000000, 162.000000, 160.000000, 169.000000, 
163.000000, 161.000000, 168.000000, 162.000000, 170.000000, 172.000000, 163.000000, 171.000000, 173.000000, 164.000000, 
172.000000, 174.000000, 165.000000, 173.000000, 175.000000, 166.000000, 174.000000, 176.000000, 152.000000, 167.000000, 
175.000000, 153.000000, 151.000000, 176.000000, 152.000000, 177.000000, 179.000000, 153.000000, 178.000000, 180.000000, 
155.000000, 180.000000, 184.000000, 157.000000, 182.000000, 169.000000, 175.000000, 201.000000, 185.000000, 178.000000, 
176.000000, 186.000000, 177.000000, 185.000000, 188.000000, 178.000000, 187.000000, 189.000000, 184.000000, 180.000000, 
189.000000, 182.000000, 191.000000, 194.000000, 184.000000, 193.000000, 195.000000, 169.000000, 194.000000, 196.000000, 
171.000000, 168.000000, 195.000000, 170.000000, 196.000000, 198.000000, 171.000000, 197.000000, 199.000000, 174.000000, 
172.000000, 198.000000, 175.000000, 173.000000, 199.000000, 174.000000, 200.000000, 186.000000, 195.000000, 217.000000, 
202.000000, 196.000000, 218.000000, 203.000000, 197.000000, 202.000000, 204.000000, 198.000000, 203.000000, 205.000000, 
201.000000, 199.000000, 204.000000, 200.000000, 205.000000, 207.000000, 201.000000, 206.000000, 208.000000, 187.000000, 
186.000000, 207.000000, 188.000000, 185.000000, 208.000000, 187.000000, 209.000000, 211.000000, 189.000000, 211.000000, 
215.000000, 191.000000, 213.000000, 216.000000, 193.000000, 215.000000, 217.000000, 194.000000, 216.000000, 218.000000, 
210.000000, 208.000000, 219.000000, 209.000000, 235.000000, 221.000000, 215.000000, 211.000000, 221.000000, 213.000000, 
223.000000, 226.000000, 215.000000, 225.000000, 227.000000, 216.000000, 226.000000, 228.000000, 202.000000, 217.000000, 
227.000000, 203.000000, 218.000000, 228.000000, 202.000000, 229.000000, 231.000000, 205.000000, 203.000000, 230.000000, 
206.000000, 204.000000, 231.000000, 205.000000, 232.000000, 234.000000, 206.000000, 233.000000, 219.000000, 209.000000, 
207.000000, 234.000000, 228.000000, 251.000000, 236.000000, 229.000000, 252.000000, 237.000000, 230.000000, 236.000000, 
238.000000, 233.000000, 231.000000, 237.000000, 232.000000, 238.000000, 240.000000, 233.000000, 239.000000, 241.000000, 
235.000000, 234.000000, 240.000000, 219.000000, 241.000000, 243.000000, 235.000000, 242.000000, 244.000000, 221.000000, 
244.000000, 248.000000, 223.000000, 246.000000, 249.000000, 225.000000, 248.000000, 250.000000, 228.000000, 226.000000, 
249.000000, 229.000000, 227.000000, 250.000000, 242.000000, 269.000000, 253.000000, 244.000000, 253.000000, 258.000000, 
246.000000, 255.000000, 259.000000, 248.000000, 258.000000, 260.000000, 249.000000, 259.000000, 261.000000, 252.000000, 
250.000000, 260.000000, 251.000000, 261.000000, 263.000000, 252.000000, 262.000000, 264.000000, 236.000000, 263.000000, 
265.000000, 237.000000, 264.000000, 266.000000, 238.000000, 265.000000, 267.000000, 239.000000, 266.000000, 268.000000, 
242.000000, 240.000000, 267.000000, 243.000000, 241.000000, 268.000000, 262.000000, 285.000000, 270.000000, 263.000000, 
286.000000, 271.000000, 266.000000, 264.000000, 270.000000, 265.000000, 271.000000, 273.000000, 266.000000, 272.000000, 
274.000000, 269.000000, 267.000000, 273.000000, 257.000000, 268.000000, 274.000000, 269.000000, 275.000000, 277.000000, 
253.000000, 277.000000, 281.000000, 255.000000, 279.000000, 282.000000, 258.000000, 281.000000, 283.000000, 261.000000, 
259.000000, 282.000000, 262.000000, 260.000000, 283.000000, 263.000000, 261.000000, 284.000000, 277.000000, 303.000000, 
291.000000, 279.000000, 288.000000, 292.000000, 281.000000, 291.000000, 293.000000, 282.000000, 292.000000, 294.000000, 
285.000000, 283.000000, 293.000000, 286.000000, 284.000000, 294.000000, 285.000000, 295.000000, 297.000000, 271.000000, 
286.000000, 296.000000, 270.000000, 297.000000, 299.000000, 271.000000, 298.000000, 300.000000, 272.000000, 299.000000, 
301.000000, 275.000000, 273.000000, 300.000000, 274.000000, 301.000000, 290.000000, 275.000000, 302.000000, 303.000000, 
298.000000, 296.000000, 304.000000, 297.000000, 320.000000, 306.000000, 298.000000, 305.000000, 307.000000, 301.000000, 
299.000000, 306.000000, 302.000000, 300.000000, 307.000000, 290.000000, 301.000000, 308.000000, 302.000000, 309.000000, 
311.000000, 291.000000, 303.000000, 311.000000, 288.000000, 313.000000, 316.000000, 291.000000, 315.000000, 317.000000, 
292.000000, 316.000000, 318.000000, 295.000000, 293.000000, 317.000000, 296.000000, 294.000000, 318.000000, 295.000000, 
319.000000, 320.000000, 311.000000, 334.000000, 321.000000, 313.000000, 336.000000, 322.000000, 315.000000, 321.000000, 
323.000000, 316.000000, 322.000000, 324.000000, 319.000000, 317.000000, 323.000000, 318.000000, 324.000000, 326.000000, 
319.000000, 325.000000, 327.000000, 305.000000, 304.000000, 326.000000, 306.000000, 320.000000, 327.000000, 305.000000, 
328.000000, 330.000000, 306.000000, 329.000000, 331.000000, 309.000000, 307.000000, 330.000000, 310.000000, 308.000000, 
331.000000, 309.000000, 332.000000, 334.000000, 327.000000, 353.000000, 338.000000, 328.000000, 354.000000, 339.000000, 
329.000000, 338.000000, 340.000000, 332.000000, 330.000000, 339.000000, 331.000000, 340.000000, 342.000000, 334.000000, 
332.000000, 341.000000, 334.000000, 343.000000, 347.000000, 336.000000, 345.000000, 348.000000, 321.000000, 347.000000, 
349.000000, 322.000000, 348.000000, 350.000000, 325.000000, 323.000000, 349.000000, 326.000000, 324.000000, 350.000000, 
325.000000, 351.000000, 353.000000, 328.000000, 326.000000, 352.000000, 347.000000, 370.000000, 355.000000, 348.000000, 
371.000000, 356.000000, 351.000000, 349.000000, 355.000000, 352.000000, 350.000000, 356.000000, 351.000000, 357.000000, 
359.000000, 354.000000, 352.000000, 358.000000, 353.000000, 359.000000, 361.000000, 354.000000, 360.000000, 362.000000, 
340.000000, 338.000000, 361.000000, 341.000000, 339.000000, 362.000000, 340.000000, 363.000000, 365.000000, 341.000000, 
364.000000, 366.000000, 343.000000, 366.000000, 370.000000, 345.000000, 368.000000, 371.000000, 363.000000, 361.000000, 
372.000000, 364.000000, 362.000000, 374.000000, 365.000000, 363.000000, 373.000000, 364.000000, 375.000000, 377.000000, 
366.000000, 377.000000, 381.000000, 368.000000, 379.000000, 382.000000, 370.000000, 381.000000, 383.000000, 371.000000, 
382.000000, 384.000000, 357.000000, 355.000000, 383.000000, 358.000000, 356.000000, 384.000000, 359.000000, 357.000000, 
385.000000, 360.000000, 358.000000, 386.000000, 359.000000, 387.000000, 372.000000, 360.000000, 388.000000, 374.000000, 
382.000000, 405.000000, 389.000000, 385.000000, 383.000000, 390.000000, 386.000000, 384.000000, 389.000000, 385.000000, 
391.000000, 393.000000, 388.000000, 386.000000, 392.000000, 387.000000, 393.000000, 395.000000, 388.000000, 394.000000, 
396.000000, 373.000000, 372.000000, 395.000000, 375.000000, 374.000000, 396.000000, 373.000000, 397.000000, 399.000000, 
375.000000, 398.000000, 400.000000, 377.000000, 400.000000, 404.000000, 382.000000, 379.000000, 402.000000, 381.000000, 
404.000000, 390.000000, 398.000000, 396.000000, 406.000000, 397.000000, 422.000000, 408.000000, 398.000000, 407.000000, 
409.000000, 404.000000, 400.000000, 409.000000, 405.000000, 402.000000, 411.000000, 404.000000, 413.000000, 415.000000, 
405.000000, 414.000000, 416.000000, 391.000000, 390.000000, 415.000000, 392.000000, 389.000000, 416.000000, 391.000000, 
417.000000, 419.000000, 392.000000, 418.000000, 420.000000, 395.000000, 393.000000, 419.000000, 394.000000, 420.000000, 
406.000000, 397.000000, 395.000000, 421.000000, 423.000000, 453.000000, 424.000000, 426.000000, 454.000000, 427.000000, 
423.000000, 425.000000, 429.000000, 431.000000, 426.000000, 428.000000, 430.000000, 429.000000, 433.000000, 431.000000, 
432.000000, 435.000000, 437.000000, 434.000000, 433.000000, 439.000000, 436.000000, 435.000000, 437.000000, 438.000000, 
441.000000, 439.000000, 440.000000, 443.000000, 449.000000, 444.000000, 443.000000, 451.000000, 445.000000, 447.000000, 
449.000000, 450.000000, 424.000000, 451.000000, 452.000000, 427.000000, 438.000000, 470.000000, 455.000000, 440.000000, 
471.000000, 456.000000, 443.000000, 456.000000, 460.000000, 447.000000, 458.000000, 461.000000, 450.000000, 460.000000, 
462.000000, 452.000000, 461.000000, 463.000000, 425.000000, 424.000000, 462.000000, 428.000000, 427.000000, 463.000000, 
425.000000, 464.000000, 466.000000, 428.000000, 465.000000, 467.000000, 429.000000, 466.000000, 468.000000, 432.000000, 
467.000000, 469.000000, 438.000000, 433.000000, 468.000000, 440.000000, 435.000000, 469.000000, 465.000000, 463.000000, 
472.000000, 464.000000, 488.000000, 474.000000, 467.000000, 465.000000, 473.000000, 466.000000, 474.000000, 476.000000, 
467.000000, 475.000000, 477.000000, 470.000000, 468.000000, 476.000000, 471.000000, 469.000000, 477.000000, 470.000000, 
478.000000, 480.000000, 471.000000, 479.000000, 481.000000, 460.000000, 456.000000, 481.000000, 458.000000, 483.000000, 
486.000000, 460.000000, 485.000000, 487.000000, 463.000000, 461.000000, 486.000000, 464.000000, 462.000000, 487.000000, 
479.000000, 505.000000, 489.000000, 485.000000, 481.000000, 489.000000, 483.000000, 491.000000, 495.000000, 485.000000, 
494.000000, 496.000000, 486.000000, 495.000000, 497.000000, 488.000000, 487.000000, 496.000000, 472.000000, 497.000000, 
499.000000, 488.000000, 498.000000, 500.000000, 475.000000, 473.000000, 499.000000, 474.000000, 500.000000, 502.000000, 
475.000000, 501.000000, 503.000000, 476.000000, 502.000000, 504.000000, 479.000000, 477.000000, 503.000000, 478.000000, 
504.000000, 493.000000, 498.000000, 522.000000, 506.000000, 501.000000, 499.000000, 507.000000, 502.000000, 500.000000, 
506.000000, 501.000000, 508.000000, 510.000000, 502.000000, 509.000000, 511.000000, 505.000000, 503.000000, 510.000000, 
504.000000, 511.000000, 513.000000, 489.000000, 505.000000, 512.000000, 489.000000, 514.000000, 518.000000, 491.000000, 
516.000000, 519.000000, 494.000000, 518.000000, 520.000000, 495.000000, 519.000000, 521.000000, 498.000000, 496.000000, 
520.000000, 497.000000, 521.000000, 507.000000, 514.000000, 538.000000, 525.000000, 519.000000, 516.000000, 526.000000, 
518.000000, 525.000000, 528.000000, 521.000000, 519.000000, 527.000000, 522.000000, 520.000000, 528.000000, 507.000000, 
521.000000, 529.000000, 522.000000, 530.000000, 532.000000, 508.000000, 507.000000, 531.000000, 506.000000, 532.000000, 
534.000000, 508.000000, 533.000000, 535.000000, 509.000000, 534.000000, 536.000000, 512.000000, 510.000000, 535.000000, 
511.000000, 536.000000, 524.000000, 512.000000, 537.000000, 538.000000, 532.000000, 555.000000, 540.000000, 533.000000, 
556.000000, 541.000000, 534.000000, 540.000000, 542.000000, 537.000000, 535.000000, 541.000000, 524.000000, 536.000000, 
542.000000, 537.000000, 543.000000, 545.000000, 538.000000, 545.000000, 549.000000, 526.000000, 547.000000, 550.000000, 
525.000000, 549.000000, 551.000000, 527.000000, 550.000000, 552.000000, 530.000000, 528.000000, 551.000000, 529.000000, 
552.000000, 554.000000, 530.000000, 553.000000, 555.000000, 533.000000, 531.000000, 554.000000, 550.000000, 547.000000, 
3.000000, 549.000000, 2.000000, 7.000000, 552.000000, 550.000000, 5.000000, 553.000000, 551.000000, 7.000000, 
554.000000, 552.000000, 8.000000, 553.000000, 11.000000, 15.000000, 556.000000, 554.000000, 13.000000, 555.000000, 
15.000000, 19.000000, 541.000000, 556.000000, 17.000000, 540.000000, 19.000000, 23.000000, 543.000000, 541.000000, 
21.000000, 542.000000, 23.000000, 27.000000, 545.000000, 543.000000, 25.000000, 545.000000, 0.000000, 2.000000, 